1 1 P4-T12 2469
1 2 P16-T13 7961
1 3 P3-T14 3005
1 4 P15-T18 3233
1 5 P22-T4 7685
1 6 P26-T22 3224
2 1 P3-T14 3005
2 2 P7-T17 5933
2 3 P33-T15 200
2 4 P17-T10 209
2 5 P28-T23 177
2 6 P10-T11 5707
3 1 P10-T11 5707
3 2 P17-T10 209
3 3 P26-T22 3224
3 4 P36-T1 8381
3 5 P12-T9 320
3 6 P16-T13 7961
4 1 P25-T16 2978
4 2 P3-T14 3005
4 3 P9-T19 2882
4 4 P26-T22 3224
4 5 P4-T12 2469
4 6 P15-T18 3233
5 1 P36-T1 8381
5 2 P7-T17 5933
5 3 P22-T4 7685
5 4 P12-T9 320
5 5 P21-T20 6712
5 6 P25-T16 2978
6 1 P35-T7 216
6 2 P7-T17 5933
6 3 P36-T1 8381
6 4 P3-T14 3005
6 5 P22-T4 7685
6 6 P17-T10 209
7 1 P7-T17 5933
7 2 P26-T22 3224
7 3 P10-T11 5707
7 4 P17-T10 209
7 5 P16-T13 7961
7 6 P9-T19 2882
8 1 P15-T18 3233
8 2 P25-T16 2978
8 3 P9-T19 2882
8 4 P4-T12 2469
8 5 P26-T22 3224
8 6 P3-T14 3005
9 1 P22-T4 7685
9 2 P16-T13 7961
9 3 P27-T25 238
9 4 P25-T16 2978
9 5 P7-T17 5933
9 6 P12-T9 320
10 1 P10-T11 5707
10 2 P16-T13 7961
10 3 P4-T12 2469
10 4 P9-T19 2882
10 5 P3-T14 3005
10 6 P7-T17 5933
11 1 P33-T15 200
11 2 P25-T16 2978
11 3 P17-T10 209
11 4 P16-T13 7961
11 5 P36-T1 8381
11 6 P9-T19 2882
12 1 P4-T12 2469
12 2 P36-T1 8381
12 3 P7-T17 5933
12 4 P9-T19 2882
12 5 P21-T20 6712
12 6 P16-T13 7961
13 1 P28-T23 177
13 2 P26-T22 3224
13 3 P36-T1 8381
13 4 P4-T12 2469
13 5 P35-T7 216
13 6 P9-T19 2882
14 1 P7-T17 5933
14 2 P28-T23 177
14 3 P33-T15 200
14 4 P10-T11 5707
14 5 P27-T25 238
14 6 P15-T18 3233
15 1 P27-T25 238
15 2 P4-T12 2469
15 3 P9-T19 2882
15 4 P26-T22 3224
15 5 P10-T11 5707
15 6 P28-T23 177
16 1 P16-T13 7961
16 2 P21-T20 6712
16 3 P7-T17 5933
16 4 P25-T16 2978
16 5 P28-T23 177
16 6 P17-T10 209
17 1 P26-T22 3224
17 2 P16-T13 7961
17 3 P27-T25 238
17 4 P3-T14 3005
17 5 P33-T15 200
17 6 P17-T10 209
18 1 P10-T11 5707
18 2 P15-T18 3233
18 3 P35-T7 216
18 4 P7-T17 5933
18 5 P3-T14 3005
18 6 P12-T9 320
19 1 P4-T12 2469
19 2 P7-T17 5933
19 3 P25-T16 2978
19 4 P15-T18 3233
19 5 P9-T19 2882
19 6 P26-T22 3224
20 1 P27-T25 238
20 2 P25-T16 2978
20 3 P35-T7 216
20 4 P7-T17 5933
20 5 P12-T9 320
20 6 P10-T11 5707
21 1 P15-T18 3233
21 2 P36-T1 8381
21 3 P3-T14 3005
21 4 P26-T22 3224
21 5 P25-T16 2978
21 6 P12-T9 320
22 1 P9-T19 2882
22 2 P25-T16 2978
22 3 P4-T12 2469
22 4 P26-T22 3224
22 5 P3-T14 3005
22 6 P22-T4 7685
23 1 P33-T15 200
23 2 P28-T23 177
23 3 P27-T25 238
23 4 P35-T7 216
23 5 P10-T11 5707
23 6 P7-T17 5933
24 1 P35-T7 216
24 2 P28-T23 177
24 3 P10-T11 5707
24 4 P3-T14 3005
24 5 P7-T17 5933
24 6 P12-T9 320
25 1 P21-T20 6712
25 2 P10-T11 5707
25 3 P33-T15 200
25 4 P28-T23 177
25 5 P36-T1 8381
25 6 P17-T10 209
26 1 P12-T9 320
26 2 P36-T1 8381
26 3 P22-T4 7685
26 4 P21-T20 6712
26 5 P35-T7 216
26 6 P16-T13 7961
27 1 P4-T12 2469
27 2 P35-T7 216
27 3 P33-T15 200
27 4 P28-T23 177
27 5 P16-T13 7961
27 6 P12-T9 320
28 1 P28-T23 177
28 2 P4-T12 2469
28 3 P27-T25 238
28 4 P9-T19 2882
28 5 P7-T17 5933
28 6 P25-T16 2978
29 1 P15-T18 3233
29 2 P9-T19 2882
29 3 P3-T14 3005
29 4 P4-T12 2469
29 5 P25-T16 2978
29 6 P26-T22 3224
30 1 P10-T11 5707
30 2 P35-T7 216
30 3 P7-T17 5933
30 4 P12-T9 320
30 5 P33-T15 200
30 6 P22-T4 7685
31 1 P9-T19 2882
31 2 P17-T10 209
31 3 P10-T11 5707
31 4 P7-T17 5933
31 5 P33-T15 200
31 6 P12-T9 320
32 1 P10-T11 5707
32 2 P33-T15 200
32 3 P35-T7 216
32 4 P4-T12 2469
32 5 P25-T16 2978
32 6 P36-T1 8381
33 1 P15-T18 3233
33 2 P9-T19 2882
33 3 P3-T14 3005
33 4 P25-T16 2978
33 5 P4-T12 2469
33 6 P36-T1 8381
34 1 P21-T20 6712
34 2 P35-T7 216
34 3 P17-T10 209
34 4 P26-T22 3224
34 5 P28-T23 177
34 6 P10-T11 5707
35 1 P25-T16 2978
35 2 P22-T4 7685
35 3 P7-T17 5933
35 4 P36-T1 8381
35 5 P28-T23 177
35 6 P21-T20 6712
36 1 P17-T10 209
36 2 P33-T15 200
36 3 P15-T18 3233
36 4 P21-T20 6712
36 5 P3-T14 3005
36 6 P9-T19 2882
37 1 P9-T19 2882
37 2 P16-T13 7961
37 3 P7-T17 5933
37 4 P22-T4 7685
37 5 P10-T11 5707
37 6 P36-T1 8381
38 1 P25-T16 2978
38 2 P22-T4 7685
38 3 P26-T22 3224
38 4 P3-T14 3005
38 5 P36-T1 8381
38 6 P4-T12 2469
39 1 P25-T16 2978
39 2 P4-T12 2469
39 3 P9-T19 2882
39 4 P15-T18 3233
39 5 P10-T11 5707
39 6 P26-T22 3224
40 1 P27-T25 238
40 2 P15-T18 3233
40 3 P3-T14 3005
40 4 P33-T15 200
40 5 P28-T23 177
40 6 P22-T4 7685
41 1 P22-T4 7685
41 2 P35-T7 216
41 3 P36-T1 8381
41 4 P12-T9 320
41 5 P33-T15 200
41 6 P27-T25 238
42 1 P27-T25 238
42 2 P12-T9 320
42 3 P33-T15 200
42 4 P15-T18 3233
42 5 P35-T7 216
42 6 P28-T23 177
43 1 P3-T14 3005
43 2 P26-T22 3224
43 3 P10-T11 5707
43 4 P9-T19 2882
43 5 P17-T10 209
43 6 P22-T4 7685
44 1 P33-T15 200
44 2 P17-T10 209
44 3 P22-T4 7685
44 4 P7-T17 5933
44 5 P12-T9 320
44 6 P35-T7 216
45 1 P28-T23 177
45 2 P22-T4 7685
45 3 P4-T12 2469
45 4 P21-T20 6712
45 5 P12-T9 320
45 6 P15-T18 3233
46 1 P15-T18 3233
46 2 P9-T19 2882
46 3 P27-T25 238
46 4 P26-T22 3224
46 5 P4-T12 2469
46 6 P3-T14 3005
47 1 P27-T25 238
47 2 P33-T15 200
47 3 P28-T23 177
47 4 P4-T12 2469
47 5 P17-T10 209
47 6 P12-T9 320
48 1 P21-T20 6712
48 2 P7-T17 5933
48 3 P17-T10 209
48 4 P22-T4 7685
48 5 P12-T9 320
48 6 P10-T11 5707
49 1 P7-T17 5933
49 2 P4-T12 2469
49 3 P25-T16 2978
49 4 P26-T22 3224
49 5 P15-T18 3233
49 6 P9-T19 2882
50 1 P36-T1 8381
50 2 P21-T20 6712
50 3 P7-T17 5933
50 4 P16-T13 7961
50 5 P10-T11 5707
50 6 P22-T4 7685
51 1 P35-T7 216
51 2 P12-T9 320
51 3 P26-T22 3224
51 4 P22-T4 7685
51 5 P4-T12 2469
51 6 P15-T18 3233
52 1 P17-T10 209
52 2 P7-T17 5933
52 3 P28-T23 177
52 4 P36-T1 8381
52 5 P35-T7 216
52 6 P33-T15 200
53 1 P21-T20 6712
53 2 P10-T11 5707
53 3 P33-T15 200
53 4 P7-T17 5933
53 5 P16-T13 7961
53 6 P36-T1 8381
54 1 P21-T20 6712
54 2 P22-T4 7685
54 3 P16-T13 7961
54 4 P7-T17 5933
54 5 P28-T23 177
54 6 P10-T11 5707
55 1 P15-T18 3233
55 2 P4-T12 2469
55 3 P25-T16 2978
55 4 P3-T14 3005
55 5 P9-T19 2882
55 6 P26-T22 3224
56 1 P36-T1 8381
56 2 P26-T22 3224
56 3 P10-T11 5707
56 4 P35-T7 216
56 5 P7-T17 5933
56 6 P21-T20 6712
57 1 P12-T9 320
57 2 P36-T1 8381
57 3 P22-T4 7685
57 4 P10-T11 5707
57 5 P16-T13 7961
57 6 P28-T23 177
58 1 P16-T13 7961
58 2 P22-T4 7685
58 3 P7-T17 5933
58 4 P21-T20 6712
58 5 P26-T22 3224
58 6 P3-T14 3005
59 1 P7-T17 5933
59 2 P3-T14 3005
59 3 P17-T10 209
59 4 P25-T16 2978
59 5 P16-T13 7961
59 6 P36-T1 8381
60 1 P36-T1 8381
60 2 P26-T22 3224
60 3 P12-T9 320
60 4 P33-T15 200
60 5 P22-T4 7685
60 6 P16-T13 7961
61 1 P33-T15 200
61 2 P21-T20 6712
61 3 P36-T1 8381
61 4 P22-T4 7685
61 5 P35-T7 216
61 6 P12-T9 320
62 1 P35-T7 216
62 2 P21-T20 6712
62 3 P16-T13 7961
62 4 P17-T10 209
62 5 P12-T9 320
62 6 P15-T18 3233
63 1 P25-T16 2978
63 2 P26-T22 3224
63 3 P15-T18 3233
63 4 P4-T12 2469
63 5 P3-T14 3005
63 6 P9-T19 2882
64 1 P36-T1 8381
64 2 P25-T16 2978
64 3 P9-T19 2882
64 4 P21-T20 6712
64 5 P26-T22 3224
64 6 P16-T13 7961
65 1 P36-T1 8381
65 2 P28-T23 177
65 3 P21-T20 6712
65 4 P15-T18 3233
65 5 P26-T22 3224
65 6 P4-T12 2469
66 1 P33-T15 200
66 2 P28-T23 177
66 3 P10-T11 5707
66 4 P26-T22 3224
66 5 P16-T13 7961
66 6 P36-T1 8381
67 1 P25-T16 2978
67 2 P16-T13 7961
67 3 P4-T12 2469
67 4 P22-T4 7685
67 5 P9-T19 2882
67 6 P15-T18 3233
68 1 P12-T9 320
68 2 P4-T12 2469
68 3 P3-T14 3005
68 4 P36-T1 8381
68 5 P21-T20 6712
68 6 P7-T17 5933
69 1 P28-T23 177
69 2 P22-T4 7685
69 3 P3-T14 3005
69 4 P33-T15 200
69 5 P10-T11 5707
69 6 P4-T12 2469
70 1 P3-T14 3005
70 2 P15-T18 3233
70 3 P9-T19 2882
70 4 P7-T17 5933
70 5 P28-T23 177
70 6 P35-T7 216
71 1 P22-T4 7685
71 2 P36-T1 8381
71 3 P27-T25 238
71 4 P33-T15 200
71 5 P35-T7 216
71 6 P28-T23 177
72 1 P10-T11 5707
72 2 P28-T23 177
72 3 P27-T25 238
72 4 P21-T20 6712
72 5 P7-T17 5933
72 6 P22-T4 7685
73 1 P7-T17 5933
73 2 P17-T10 209
73 3 P28-T23 177
73 4 P33-T15 200
73 5 P4-T12 2469
73 6 P15-T18 3233
74 1 P35-T7 216
74 2 P3-T14 3005
74 3 P36-T1 8381
74 4 P21-T20 6712
74 5 P25-T16 2978
74 6 P10-T11 5707
75 1 P35-T7 216
75 2 P3-T14 3005
75 3 P36-T1 8381
75 4 P21-T20 6712
75 5 P7-T17 5933
75 6 P15-T18 3233
76 1 P16-T13 7961
76 2 P7-T17 5933
76 3 P15-T18 3233
76 4 P28-T23 177
76 5 P21-T20 6712
76 6 P22-T4 7685
77 1 P22-T4 7685
77 2 P27-T25 238
77 3 P33-T15 200
77 4 P7-T17 5933
77 5 P21-T20 6712
77 6 P12-T9 320
78 1 P25-T16 2978
78 2 P7-T17 5933
78 3 P16-T13 7961
78 4 P17-T10 209
78 5 P28-T23 177
78 6 P35-T7 216
79 1 P22-T4 7685
79 2 P35-T7 216
79 3 P26-T22 3224
79 4 P17-T10 209
79 5 P21-T20 6712
79 6 P12-T9 320
80 1 P22-T4 7685
80 2 P36-T1 8381
80 3 P10-T11 5707
80 4 P27-T25 238
80 5 P35-T7 216
80 6 P16-T13 7961
81 1 P9-T19 2882
81 2 P15-T18 3233
81 3 P25-T16 2978
81 4 P12-T9 320
81 5 P35-T7 216
81 6 P22-T4 7685
82 1 P17-T10 209
82 2 P27-T25 238
82 3 P7-T17 5933
82 4 P10-T11 5707
82 5 P16-T13 7961
82 6 P35-T7 216
83 1 P33-T15 200
83 2 P27-T25 238
83 3 P12-T9 320
83 4 P28-T23 177
83 5 P35-T7 216
83 6 P17-T10 209
84 1 P17-T10 209
84 2 P33-T15 200
84 3 P7-T17 5933
84 4 P35-T7 216
84 5 P9-T19 2882
84 6 P22-T4 7685
85 1 P7-T17 5933
85 2 P12-T9 320
85 3 P26-T22 3224
85 4 P21-T20 6712
85 5 P3-T14 3005
85 6 P9-T19 2882
86 1 P25-T16 2978
86 2 P27-T25 238
86 3 P4-T12 2469
86 4 P22-T4 7685
86 5 P10-T11 5707
86 6 P7-T17 5933
87 1 P3-T14 3005
87 2 P4-T12 2469
87 3 P27-T25 238
87 4 P35-T7 216
87 5 P36-T1 8381
87 6 P15-T18 3233
88 1 P9-T19 2882
88 2 P35-T7 216
88 3 P7-T17 5933
88 4 P26-T22 3224
88 5 P27-T25 238
88 6 P25-T16 2978
89 1 P9-T19 2882
89 2 P7-T17 5933
89 3 P3-T14 3005
89 4 P22-T4 7685
89 5 P25-T16 2978
89 6 P36-T1 8381
90 1 P3-T14 3005
90 2 P35-T7 216
90 3 P27-T25 238
90 4 P16-T13 7961
90 5 P26-T22 3224
90 6 P12-T9 320
91 1 P22-T4 7685
91 2 P36-T1 8381
91 3 P17-T10 209
91 4 P16-T13 7961
91 5 P21-T20 6712
91 6 P4-T12 2469
92 1 P36-T1 8381
92 2 P28-T23 177
92 3 P12-T9 320
92 4 P25-T16 2978
92 5 P22-T4 7685
92 6 P33-T15 200
93 1 P27-T25 238
93 2 P3-T14 3005
93 3 P9-T19 2882
93 4 P12-T9 320
93 5 P26-T22 3224
93 6 P33-T15 200
94 1 P26-T22 3224
94 2 P36-T1 8381
94 3 P16-T13 7961
94 4 P28-T23 177
94 5 P22-T4 7685
94 6 P33-T15 200
95 1 P4-T12 2469
95 2 P12-T9 320
95 3 P10-T11 5707
95 4 P33-T15 200
95 5 P22-T4 7685
95 6 P36-T1 8381
96 1 P4-T12 2469
96 2 P36-T1 8381
96 3 P3-T14 3005
96 4 P26-T22 3224
96 5 P25-T16 2978
96 6 P9-T19 2882
97 1 P28-T23 177
97 2 P36-T1 8381
97 3 P10-T11 5707
97 4 P33-T15 200
97 5 P22-T4 7685
97 6 P21-T20 6712
98 1 P22-T4 7685
98 2 P12-T9 320
98 3 P7-T17 5933
98 4 P27-T25 238
98 5 P33-T15 200
98 6 P35-T7 216
99 1 P21-T20 6712
99 2 P33-T15 200
99 3 P22-T4 7685
99 4 P10-T11 5707
99 5 P35-T7 216
99 6 P12-T9 320
100 1 P3-T14 3005
100 2 P25-T16 2978
100 3 P4-T12 2469
100 4 P15-T18 3233
100 5 P26-T22 3224
100 6 P36-T1 8381
101 1 P17-T10 209
101 2 P27-T25 238
101 3 P7-T17 5933
101 4 P25-T16 2978
101 5 P4-T12 2469
101 6 P36-T1 8381
102 1 P3-T14 3005
102 2 P9-T19 2882
102 3 P4-T12 2469
102 4 P26-T22 3224
102 5 P15-T18 3233
102 6 P21-T20 6712
103 1 P27-T25 238
103 2 P21-T20 6712
103 3 P10-T11 5707
103 4 P9-T19 2882
103 5 P26-T22 3224
103 6 P4-T12 2469
104 1 P3-T14 3005
104 2 P9-T19 2882
104 3 P26-T22 3224
104 4 P25-T16 2978
104 5 P4-T12 2469
104 6 P15-T18 3233
105 1 P12-T9 320
105 2 P28-T23 177
105 3 P17-T10 209
105 4 P15-T18 3233
105 5 P27-T25 238
105 6 P9-T19 2882
106 1 P35-T7 216
106 2 P22-T4 7685
106 3 P21-T20 6712
106 4 P27-T25 238
106 5 P33-T15 200
106 6 P36-T1 8381
107 1 P36-T1 8381
107 2 P22-T4 7685
107 3 P21-T20 6712
107 4 P17-T10 209
107 5 P26-T22 3224
107 6 P10-T11 5707
108 1 P16-T13 7961
108 2 P26-T22 3224
108 3 P12-T9 320
108 4 P33-T15 200
108 5 P17-T10 209
108 6 P25-T16 2978
109 1 P9-T19 2882
109 2 P25-T16 2978
109 3 P15-T18 3233
109 4 P26-T22 3224
109 5 P4-T12 2469
109 6 P3-T14 3005
110 1 P33-T15 200
110 2 P16-T13 7961
110 3 P28-T23 177
110 4 P35-T7 216
110 5 P25-T16 2978
110 6 P17-T10 209
111 1 P9-T19 2882
111 2 P26-T22 3224
111 3 P21-T20 6712
111 4 P33-T15 200
111 5 P3-T14 3005
111 6 P4-T12 2469
112 1 P22-T4 7685
112 2 P25-T16 2978
112 3 P17-T10 209
112 4 P36-T1 8381
112 5 P27-T25 238
112 6 P16-T13 7961
113 1 P7-T17 5933
113 2 P26-T22 3224
113 3 P36-T1 8381
113 4 P21-T20 6712
113 5 P3-T14 3005
113 6 P28-T23 177
114 1 P36-T1 8381
114 2 P12-T9 320
114 3 P9-T19 2882
114 4 P3-T14 3005
114 5 P21-T20 6712
114 6 P16-T13 7961
115 1 P12-T9 320
115 2 P10-T11 5707
115 3 P33-T15 200
115 4 P16-T13 7961
115 5 P7-T17 5933
115 6 P36-T1 8381
116 1 P17-T10 209
116 2 P12-T9 320
116 3 P10-T11 5707
116 4 P16-T13 7961
116 5 P33-T15 200
116 6 P36-T1 8381
117 1 P27-T25 238
117 2 P22-T4 7685
117 3 P17-T10 209
117 4 P7-T17 5933
117 5 P21-T20 6712
117 6 P33-T15 200
118 1 P16-T13 7961
118 2 P21-T20 6712
118 3 P33-T15 200
118 4 P36-T1 8381
118 5 P35-T7 216
118 6 P9-T19 2882
119 1 P27-T25 238
119 2 P16-T13 7961
119 3 P12-T9 320
119 4 P35-T7 216
119 5 P22-T4 7685
119 6 P36-T1 8381
120 1 P4-T12 2469
120 2 P7-T17 5933
120 3 P28-T23 177
120 4 P35-T7 216
120 5 P9-T19 2882
120 6 P16-T13 7961
121 1 P16-T13 7961
121 2 P10-T11 5707
121 3 P33-T15 200
121 4 P35-T7 216
121 5 P17-T10 209
121 6 P9-T19 2882
122 1 P4-T12 2469
122 2 P35-T7 216
122 3 P9-T19 2882
122 4 P16-T13 7961
122 5 P36-T1 8381
122 6 P27-T25 238
123 1 P27-T25 238
123 2 P36-T1 8381
123 3 P35-T7 216
123 4 P25-T16 2978
123 5 P15-T18 3233
123 6 P16-T13 7961
124 1 P22-T4 7685
124 2 P21-T20 6712
124 3 P16-T13 7961
124 4 P4-T12 2469
124 5 P25-T16 2978
124 6 P15-T18 3233
125 1 P28-T23 177
125 2 P36-T1 8381
125 3 P10-T11 5707
125 4 P7-T17 5933
125 5 P9-T19 2882
125 6 P17-T10 209
126 1 P7-T17 5933
126 2 P17-T10 209
126 3 P36-T1 8381
126 4 P16-T13 7961
126 5 P27-T25 238
126 6 P22-T4 7685
127 1 P3-T14 3005
127 2 P25-T16 2978
127 3 P9-T19 2882
127 4 P15-T18 3233
127 5 P4-T12 2469
127 6 P26-T22 3224
128 1 P4-T12 2469
128 2 P15-T18 3233
128 3 P9-T19 2882
128 4 P16-T13 7961
128 5 P12-T9 320
128 6 P17-T10 209
129 1 P9-T19 2882
129 2 P3-T14 3005
129 3 P25-T16 2978
129 4 P26-T22 3224
129 5 P15-T18 3233
129 6 P17-T10 209
130 1 P9-T19 2882
130 2 P25-T16 2978
130 3 P4-T12 2469
130 4 P26-T22 3224
130 5 P3-T14 3005
130 6 P15-T18 3233
131 1 P10-T11 5707
131 2 P21-T20 6712
131 3 P36-T1 8381
131 4 P22-T4 7685
131 5 P7-T17 5933
131 6 P33-T15 200
132 1 P28-T23 177
132 2 P27-T25 238
132 3 P12-T9 320
132 4 P7-T17 5933
132 5 P3-T14 3005
132 6 P36-T1 8381
133 1 P21-T20 6712
133 2 P35-T7 216
133 3 P10-T11 5707
133 4 P27-T25 238
133 5 P22-T4 7685
133 6 P16-T13 7961
134 1 P27-T25 238
134 2 P36-T1 8381
134 3 P10-T11 5707
134 4 P17-T10 209
134 5 P22-T4 7685
134 6 P21-T20 6712
135 1 P22-T4 7685
135 2 P3-T14 3005
135 3 P27-T25 238
135 4 P10-T11 5707
135 5 P35-T7 216
135 6 P12-T9 320
136 1 P25-T16 2978
136 2 P4-T12 2469
136 3 P26-T22 3224
136 4 P3-T14 3005
136 5 P9-T19 2882
136 6 P15-T18 3233
137 1 P26-T22 3224
137 2 P15-T18 3233
137 3 P25-T16 2978
137 4 P9-T19 2882
137 5 P3-T14 3005
137 6 P4-T12 2469
138 1 P28-T23 177
138 2 P16-T13 7961
138 3 P17-T10 209
138 4 P7-T17 5933
138 5 P25-T16 2978
138 6 P33-T15 200
139 1 P25-T16 2978
139 2 P9-T19 2882
139 3 P26-T22 3224
139 4 P3-T14 3005
139 5 P36-T1 8381
139 6 P15-T18 3233
140 1 P16-T13 7961
140 2 P21-T20 6712
140 3 P25-T16 2978
140 4 P35-T7 216
140 5 P17-T10 209
140 6 P9-T19 2882
141 1 P15-T18 3233
141 2 P36-T1 8381
141 3 P3-T14 3005
141 4 P21-T20 6712
141 5 P26-T22 3224
141 6 P4-T12 2469
142 1 P12-T9 320
142 2 P15-T18 3233
142 3 P25-T16 2978
142 4 P26-T22 3224
142 5 P9-T19 2882
142 6 P3-T14 3005
143 1 P16-T13 7961
143 2 P17-T10 209
143 3 P9-T19 2882
143 4 P12-T9 320
143 5 P33-T15 200
143 6 P22-T4 7685
144 1 P10-T11 5707
144 2 P9-T19 2882
144 3 P25-T16 2978
144 4 P3-T14 3005
144 5 P4-T12 2469
144 6 P26-T22 3224
145 1 P9-T19 2882
145 2 P4-T12 2469
145 3 P3-T14 3005
145 4 P25-T16 2978
145 5 P26-T22 3224
145 6 P15-T18 3233
146 1 P17-T10 209
146 2 P21-T20 6712
146 3 P28-T23 177
146 4 P33-T15 200
146 5 P16-T13 7961
146 6 P27-T25 238
147 1 P28-T23 177
147 2 P10-T11 5707
147 3 P9-T19 2882
147 4 P12-T9 320
147 5 P27-T25 238
147 6 P35-T7 216
148 1 P21-T20 6712
148 2 P4-T12 2469
148 3 P7-T17 5933
148 4 P10-T11 5707
148 5 P36-T1 8381
148 6 P27-T25 238
149 1 P36-T1 8381
149 2 P27-T25 238
149 3 P21-T20 6712
149 4 P16-T13 7961
149 5 P22-T4 7685
149 6 P3-T14 3005
150 1 P28-T23 177
150 2 P7-T17 5933
150 3 P33-T15 200
150 4 P3-T14 3005
150 5 P12-T9 320
150 6 P22-T4 7685
151 1 P25-T16 2978
151 2 P4-T12 2469
151 3 P10-T11 5707
151 4 P3-T14 3005
151 5 P9-T19 2882
151 6 P15-T18 3233
152 1 P26-T22 3224
152 2 P3-T14 3005
152 3 P10-T11 5707
152 4 P22-T4 7685
152 5 P33-T15 200
152 6 P4-T12 2469
153 1 P9-T19 2882
153 2 P17-T10 209
153 3 P16-T13 7961
153 4 P21-T20 6712
153 5 P26-T22 3224
153 6 P22-T4 7685
154 1 P7-T17 5933
154 2 P25-T16 2978
154 3 P22-T4 7685
154 4 P9-T19 2882
154 5 P17-T10 209
154 6 P21-T20 6712
155 1 P10-T11 5707
155 2 P17-T10 209
155 3 P22-T4 7685
155 4 P21-T20 6712
155 5 P16-T13 7961
155 6 P7-T17 5933
156 1 P12-T9 320
156 2 P16-T13 7961
156 3 P17-T10 209
156 4 P22-T4 7685
156 5 P33-T15 200
156 6 P10-T11 5707
157 1 P12-T9 320
157 2 P35-T7 216
157 3 P27-T25 238
157 4 P22-T4 7685
157 5 P28-T23 177
157 6 P16-T13 7961
158 1 P17-T10 209
158 2 P12-T9 320
158 3 P15-T18 3233
158 4 P27-T25 238
158 5 P28-T23 177
158 6 P22-T4 7685
159 1 P21-T20 6712
159 2 P7-T17 5933
159 3 P35-T7 216
159 4 P22-T4 7685
159 5 P16-T13 7961
159 6 P28-T23 177
160 1 P15-T18 3233
160 2 P9-T19 2882
160 3 P22-T4 7685
160 4 P4-T12 2469
160 5 P25-T16 2978
160 6 P26-T22 3224
161 1 P3-T14 3005
161 2 P12-T9 320
161 3 P16-T13 7961
161 4 P35-T7 216
161 5 P4-T12 2469
161 6 P25-T16 2978
162 1 P21-T20 6712
162 2 P16-T13 7961
162 3 P28-T23 177
162 4 P17-T10 209
162 5 P9-T19 2882
162 6 P22-T4 7685
163 1 P15-T18 3233
163 2 P4-T12 2469
163 3 P28-T23 177
163 4 P9-T19 2882
163 5 P10-T11 5707
163 6 P26-T22 3224
164 1 P36-T1 8381
164 2 P33-T15 200
164 3 P15-T18 3233
164 4 P26-T22 3224
164 5 P16-T13 7961
164 6 P17-T10 209
165 1 P17-T10 209
165 2 P25-T16 2978
165 3 P36-T1 8381
165 4 P12-T9 320
165 5 P9-T19 2882
165 6 P33-T15 200
166 1 P26-T22 3224
166 2 P9-T19 2882
166 3 P3-T14 3005
166 4 P15-T18 3233
166 5 P25-T16 2978
166 6 P4-T12 2469
167 1 P10-T11 5707
167 2 P16-T13 7961
167 3 P7-T17 5933
167 4 P15-T18 3233
167 5 P28-T23 177
167 6 P33-T15 200
168 1 P21-T20 6712
168 2 P12-T9 320
168 3 P4-T12 2469
168 4 P33-T15 200
168 5 P10-T11 5707
168 6 P26-T22 3224
169 1 P33-T15 200
169 2 P4-T12 2469
169 3 P25-T16 2978
169 4 P12-T9 320
169 5 P28-T23 177
169 6 P3-T14 3005
170 1 P26-T22 3224
170 2 P4-T12 2469
170 3 P9-T19 2882
170 4 P3-T14 3005
170 5 P17-T10 209
170 6 P25-T16 2978
171 1 P16-T13 7961
171 2 P35-T7 216
171 3 P33-T15 200
171 4 P12-T9 320
171 5 P17-T10 209
171 6 P28-T23 177
172 1 P9-T19 2882
172 2 P3-T14 3005
172 3 P12-T9 320
172 4 P27-T25 238
172 5 P15-T18 3233
172 6 P28-T23 177
173 1 P7-T17 5933
173 2 P3-T14 3005
173 3 P9-T19 2882
173 4 P28-T23 177
173 5 P4-T12 2469
173 6 P33-T15 200
174 1 P22-T4 7685
174 2 P16-T13 7961
174 3 P15-T18 3233
174 4 P36-T1 8381
174 5 P28-T23 177
174 6 P17-T10 209
175 1 P3-T14 3005
175 2 P28-T23 177
175 3 P7-T17 5933
175 4 P26-T22 3224
175 5 P16-T13 7961
175 6 P15-T18 3233
176 1 P15-T18 3233
176 2 P25-T16 2978
176 3 P4-T12 2469
176 4 P3-T14 3005
176 5 P26-T22 3224
176 6 P9-T19 2882
177 1 P33-T15 200
177 2 P12-T9 320
177 3 P16-T13 7961
177 4 P35-T7 216
177 5 P36-T1 8381
177 6 P28-T23 177
178 1 P36-T1 8381
178 2 P21-T20 6712
178 3 P16-T13 7961
178 4 P35-T7 216
178 5 P22-T4 7685
178 6 P28-T23 177
179 1 P15-T18 3233
179 2 P3-T14 3005
179 3 P17-T10 209
179 4 P36-T1 8381
179 5 P26-T22 3224
179 6 P25-T16 2978
180 1 P4-T12 2469
180 2 P12-T9 320
180 3 P28-T23 177
180 4 P35-T7 216
180 5 P33-T15 200
180 6 P36-T1 8381
181 1 P27-T25 238
181 2 P33-T15 200
181 3 P17-T10 209
181 4 P16-T13 7961
181 5 P10-T11 5707
181 6 P12-T9 320
182 1 P35-T7 216
182 2 P28-T23 177
182 3 P16-T13 7961
182 4 P12-T9 320
182 5 P27-T25 238
182 6 P17-T10 209
183 1 P26-T22 3224
183 2 P12-T9 320
183 3 P17-T10 209
183 4 P33-T15 200
183 5 P4-T12 2469
183 6 P9-T19 2882
184 1 P35-T7 216
184 2 P4-T12 2469
184 3 P22-T4 7685
184 4 P10-T11 5707
184 5 P21-T20 6712
184 6 P16-T13 7961
185 1 P15-T18 3233
185 2 P12-T9 320
185 3 P35-T7 216
185 4 P21-T20 6712
185 5 P16-T13 7961
185 6 P22-T4 7685
186 1 P17-T10 209
186 2 P28-T23 177
186 3 P27-T25 238
186 4 P33-T15 200
186 5 P16-T13 7961
186 6 P22-T4 7685
187 1 P4-T12 2469
187 2 P7-T17 5933
187 3 P3-T14 3005
187 4 P21-T20 6712
187 5 P22-T4 7685
187 6 P15-T18 3233
188 1 P12-T9 320
188 2 P28-T23 177
188 3 P25-T16 2978
188 4 P27-T25 238
188 5 P21-T20 6712
188 6 P15-T18 3233
189 1 P21-T20 6712
189 2 P9-T19 2882
189 3 P22-T4 7685
189 4 P10-T11 5707
189 5 P7-T17 5933
189 6 P4-T12 2469
190 1 P21-T20 6712
190 2 P15-T18 3233
190 3 P26-T22 3224
190 4 P3-T14 3005
190 5 P25-T16 2978
190 6 P12-T9 320
191 1 P25-T16 2978
191 2 P4-T12 2469
191 3 P7-T17 5933
191 4 P35-T7 216
191 5 P22-T4 7685
191 6 P28-T23 177
192 1 P22-T4 7685
192 2 P10-T11 5707
192 3 P4-T12 2469
192 4 P15-T18 3233
192 5 P36-T1 8381
192 6 P21-T20 6712
