1 1 P3-T14 3005
1 2 P17-T10 209
1 3 P4-T12 2469
1 4 P7-T17 5933
1 5 P26-T22 3224
1 6 P15-T18 3233
2 1 P36-T1 8381
2 2 P15-T18 3233
2 3 P21-T20 6712
2 4 P7-T17 5933
2 5 P16-T13 7961
2 6 P22-T4 7685
3 1 P36-T1 8381
3 2 P17-T10 209
3 3 P27-T25 238
3 4 P35-T7 216
3 5 P7-T17 5933
3 6 P3-T14 3005
4 1 P21-T20 6712
4 2 P28-T23 177
4 3 P27-T25 238
4 4 P36-T1 8381
4 5 P35-T7 216
4 6 P33-T15 200
5 1 P15-T18 3233
5 2 P3-T14 3005
5 3 P4-T12 2469
5 4 P12-T9 320
5 5 P26-T22 3224
5 6 P25-T16 2978
6 1 P9-T19 2882
6 2 P25-T16 2978
6 3 P33-T15 200
6 4 P26-T22 3224
6 5 P3-T14 3005
6 6 P15-T18 3233
7 1 P25-T16 2978
7 2 P27-T25 238
7 3 P36-T1 8381
7 4 P28-T23 177
7 5 P12-T9 320
7 6 P35-T7 216
8 1 P4-T12 2469
8 2 P33-T15 200
8 3 P26-T22 3224
8 4 P3-T14 3005
8 5 P25-T16 2978
8 6 P9-T19 2882
9 1 P25-T16 2978
9 2 P22-T4 7685
9 3 P4-T12 2469
9 4 P15-T18 3233
9 5 P9-T19 2882
9 6 P3-T14 3005
10 1 P33-T15 200
10 2 P9-T19 2882
10 3 P12-T9 320
10 4 P3-T14 3005
10 5 P16-T13 7961
10 6 P36-T1 8381
11 1 P17-T10 209
11 2 P7-T17 5933
11 3 P9-T19 2882
11 4 P12-T9 320
11 5 P25-T16 2978
11 6 P21-T20 6712
12 1 P35-T7 216
12 2 P25-T16 2978
12 3 P33-T15 200
12 4 P16-T13 7961
12 5 P26-T22 3224
12 6 P15-T18 3233
13 1 P36-T1 8381
13 2 P27-T25 238
13 3 P4-T12 2469
13 4 P9-T19 2882
13 5 P15-T18 3233
13 6 P28-T23 177
14 1 P27-T25 238
14 2 P16-T13 7961
14 3 P21-T20 6712
14 4 P36-T1 8381
14 5 P33-T15 200
14 6 P10-T11 5707
15 1 P16-T13 7961
15 2 P33-T15 200
15 3 P12-T9 320
15 4 P22-T4 7685
15 5 P21-T20 6712
15 6 P36-T1 8381
16 1 P36-T1 8381
16 2 P10-T11 5707
16 3 P16-T13 7961
16 4 P35-T7 216
16 5 P22-T4 7685
16 6 P7-T17 5933
17 1 P26-T22 3224
17 2 P25-T16 2978
17 3 P3-T14 3005
17 4 P10-T11 5707
17 5 P4-T12 2469
17 6 P15-T18 3233
18 1 P27-T25 238
18 2 P16-T13 7961
18 3 P12-T9 320
18 4 P33-T15 200
18 5 P21-T20 6712
18 6 P7-T17 5933
19 1 P4-T12 2469
19 2 P36-T1 8381
19 3 P27-T25 238
19 4 P25-T16 2978
19 5 P7-T17 5933
19 6 P16-T13 7961
20 1 P28-T23 177
20 2 P35-T7 216
20 3 P21-T20 6712
20 4 P4-T12 2469
20 5 P15-T18 3233
20 6 P22-T4 7685
21 1 P3-T14 3005
21 2 P26-T22 3224
21 3 P10-T11 5707
21 4 P25-T16 2978
21 5 P9-T19 2882
21 6 P35-T7 216
22 1 P22-T4 7685
22 2 P21-T20 6712
22 3 P4-T12 2469
22 4 P15-T18 3233
22 5 P10-T11 5707
22 6 P7-T17 5933
23 1 P3-T14 3005
23 2 P21-T20 6712
23 3 P17-T10 209
23 4 P35-T7 216
23 5 P22-T4 7685
23 6 P27-T25 238
24 1 P16-T13 7961
24 2 P22-T4 7685
24 3 P3-T14 3005
24 4 P17-T10 209
24 5 P12-T9 320
24 6 P7-T17 5933
25 1 P10-T11 5707
25 2 P4-T12 2469
25 3 P3-T14 3005
25 4 P9-T19 2882
25 5 P26-T22 3224
25 6 P15-T18 3233
26 1 P21-T20 6712
26 2 P16-T13 7961
26 3 P36-T1 8381
26 4 P7-T17 5933
26 5 P28-T23 177
26 6 P10-T11 5707
27 1 P10-T11 5707
27 2 P7-T17 5933
27 3 P33-T15 200
27 4 P3-T14 3005
27 5 P28-T23 177
27 6 P16-T13 7961
28 1 P3-T14 3005
28 2 P10-T11 5707
28 3 P16-T13 7961
28 4 P15-T18 3233
28 5 P4-T12 2469
28 6 P9-T19 2882
29 1 P33-T15 200
29 2 P25-T16 2978
29 3 P16-T13 7961
29 4 P3-T14 3005
29 5 P12-T9 320
29 6 P9-T19 2882
30 1 P35-T7 216
30 2 P36-T1 8381
30 3 P28-T23 177
30 4 P33-T15 200
30 5 P27-T25 238
30 6 P10-T11 5707
31 1 P15-T18 3233
31 2 P22-T4 7685
31 3 P25-T16 2978
31 4 P3-T14 3005
31 5 P26-T22 3224
31 6 P4-T12 2469
32 1 P36-T1 8381
32 2 P9-T19 2882
32 3 P4-T12 2469
32 4 P3-T14 3005
32 5 P7-T17 5933
32 6 P35-T7 216
33 1 P28-T23 177
33 2 P35-T7 216
33 3 P7-T17 5933
33 4 P36-T1 8381
33 5 P27-T25 238
33 6 P17-T10 209
34 1 P21-T20 6712
34 2 P36-T1 8381
34 3 P10-T11 5707
34 4 P33-T15 200
34 5 P17-T10 209
34 6 P27-T25 238
35 1 P17-T10 209
35 2 P22-T4 7685
35 3 P26-T22 3224
35 4 P36-T1 8381
35 5 P16-T13 7961
35 6 P10-T11 5707
36 1 P33-T15 200
36 2 P16-T13 7961
36 3 P28-T23 177
36 4 P9-T19 2882
36 5 P12-T9 320
36 6 P10-T11 5707
37 1 P22-T4 7685
37 2 P7-T17 5933
37 3 P21-T20 6712
37 4 P36-T1 8381
37 5 P16-T13 7961
37 6 P27-T25 238
38 1 P3-T14 3005
38 2 P16-T13 7961
38 3 P9-T19 2882
38 4 P21-T20 6712
38 5 P25-T16 2978
38 6 P26-T22 3224
39 1 P22-T4 7685
39 2 P26-T22 3224
39 3 P10-T11 5707
39 4 P3-T14 3005
39 5 P4-T12 2469
39 6 P33-T15 200
40 1 P12-T9 320
40 2 P35-T7 216
40 3 P17-T10 209
40 4 P27-T25 238
40 5 P33-T15 200
40 6 P28-T23 177
41 1 P7-T17 5933
41 2 P22-T4 7685
41 3 P10-T11 5707
41 4 P16-T13 7961
41 5 P17-T10 209
41 6 P27-T25 238
42 1 P7-T17 5933
42 2 P33-T15 200
42 3 P22-T4 7685
42 4 P36-T1 8381
42 5 P28-T23 177
42 6 P10-T11 5707
43 1 P7-T17 5933
43 2 P22-T4 7685
43 3 P33-T15 200
43 4 P12-T9 320
43 5 P27-T25 238
43 6 P26-T22 3224
44 1 P4-T12 2469
44 2 P15-T18 3233
44 3 P12-T9 320
44 4 P27-T25 238
44 5 P26-T22 3224
44 6 P28-T23 177
45 1 P15-T18 3233
45 2 P35-T7 216
45 3 P4-T12 2469
45 4 P27-T25 238
45 5 P9-T19 2882
45 6 P33-T15 200
46 1 P25-T16 2978
46 2 P26-T22 3224
46 3 P36-T1 8381
46 4 P27-T25 238
46 5 P10-T11 5707
46 6 P21-T20 6712
47 1 P22-T4 7685
47 2 P16-T13 7961
47 3 P28-T23 177
47 4 P7-T17 5933
47 5 P33-T15 200
47 6 P10-T11 5707
48 1 P10-T11 5707
48 2 P33-T15 200
48 3 P21-T20 6712
48 4 P12-T9 320
48 5 P36-T1 8381
48 6 P22-T4 7685
49 1 P21-T20 6712
49 2 P25-T16 2978
49 3 P35-T7 216
49 4 P7-T17 5933
49 5 P4-T12 2469
49 6 P27-T25 238
50 1 P4-T12 2469
50 2 P16-T13 7961
50 3 P25-T16 2978
50 4 P21-T20 6712
50 5 P9-T19 2882
50 6 P10-T11 5707
51 1 P25-T16 2978
51 2 P10-T11 5707
51 3 P36-T1 8381
51 4 P3-T14 3005
51 5 P15-T18 3233
51 6 P4-T12 2469
52 1 P17-T10 209
52 2 P3-T14 3005
52 3 P33-T15 200
52 4 P25-T16 2978
52 5 P22-T4 7685
52 6 P12-T9 320
53 1 P35-T7 216
53 2 P16-T13 7961
53 3 P17-T10 209
53 4 P21-T20 6712
53 5 P28-T23 177
53 6 P12-T9 320
54 1 P15-T18 3233
54 2 P9-T19 2882
54 3 P3-T14 3005
54 4 P4-T12 2469
54 5 P28-T23 177
54 6 P35-T7 216
55 1 P36-T1 8381
55 2 P27-T25 238
55 3 P4-T12 2469
55 4 P15-T18 3233
55 5 P21-T20 6712
55 6 P22-T4 7685
56 1 P28-T23 177
56 2 P4-T12 2469
56 3 P25-T16 2978
56 4 P3-T14 3005
56 5 P15-T18 3233
56 6 P12-T9 320
57 1 P7-T17 5933
57 2 P36-T1 8381
57 3 P17-T10 209
57 4 P21-T20 6712
57 5 P16-T13 7961
57 6 P22-T4 7685
58 1 P26-T22 3224
58 2 P35-T7 216
58 3 P15-T18 3233
58 4 P9-T19 2882
58 5 P4-T12 2469
58 6 P25-T16 2978
59 1 P10-T11 5707
59 2 P33-T15 200
59 3 P36-T1 8381
59 4 P17-T10 209
59 5 P25-T16 2978
59 6 P22-T4 7685
60 1 P33-T15 200
60 2 P10-T11 5707
60 3 P17-T10 209
60 4 P35-T7 216
60 5 P28-T23 177
60 6 P27-T25 238
61 1 P35-T7 216
61 2 P16-T13 7961
61 3 P9-T19 2882
61 4 P10-T11 5707
61 5 P12-T9 320
61 6 P33-T15 200
62 1 P36-T1 8381
62 2 P33-T15 200
62 3 P27-T25 238
62 4 P22-T4 7685
62 5 P10-T11 5707
62 6 P28-T23 177
63 1 P15-T18 3233
63 2 P25-T16 2978
63 3 P9-T19 2882
63 4 P17-T10 209
63 5 P36-T1 8381
63 6 P3-T14 3005
64 1 P3-T14 3005
64 2 P28-T23 177
64 3 P35-T7 216
64 4 P16-T13 7961
64 5 P21-T20 6712
64 6 P36-T1 8381
65 1 P25-T16 2978
65 2 P22-T4 7685
65 3 P17-T10 209
65 4 P9-T19 2882
65 5 P28-T23 177
65 6 P27-T25 238
66 1 P25-T16 2978
66 2 P15-T18 3233
66 3 P26-T22 3224
66 4 P4-T12 2469
66 5 P9-T19 2882
66 6 P3-T14 3005
67 1 P33-T15 200
67 2 P26-T22 3224
67 3 P4-T12 2469
67 4 P36-T1 8381
67 5 P28-T23 177
67 6 P9-T19 2882
68 1 P36-T1 8381
68 2 P15-T18 3233
68 3 P9-T19 2882
68 4 P21-T20 6712
68 5 P17-T10 209
68 6 P4-T12 2469
69 1 P9-T19 2882
69 2 P21-T20 6712
69 3 P25-T16 2978
69 4 P15-T18 3233
69 5 P4-T12 2469
69 6 P26-T22 3224
70 1 P12-T9 320
70 2 P10-T11 5707
70 3 P16-T13 7961
70 4 P4-T12 2469
70 5 P15-T18 3233
70 6 P17-T10 209
71 1 P21-T20 6712
71 2 P27-T25 238
71 3 P12-T9 320
71 4 P16-T13 7961
71 5 P17-T10 209
71 6 P22-T4 7685
72 1 P26-T22 3224
72 2 P3-T14 3005
72 3 P21-T20 6712
72 4 P9-T19 2882
72 5 P25-T16 2978
72 6 P4-T12 2469
73 1 P3-T14 3005
73 2 P7-T17 5933
73 3 P22-T4 7685
73 4 P21-T20 6712
73 5 P36-T1 8381
73 6 P26-T22 3224
74 1 P10-T11 5707
74 2 P35-T7 216
74 3 P22-T4 7685
74 4 P16-T13 7961
74 5 P7-T17 5933
74 6 P21-T20 6712
75 1 P16-T13 7961
75 2 P7-T17 5933
75 3 P17-T10 209
75 4 P35-T7 216
75 5 P12-T9 320
75 6 P28-T23 177
76 1 P15-T18 3233
76 2 P4-T12 2469
76 3 P27-T25 238
76 4 P33-T15 200
76 5 P25-T16 2978
76 6 P36-T1 8381
77 1 P7-T17 5933
77 2 P26-T22 3224
77 3 P22-T4 7685
77 4 P25-T16 2978
77 5 P35-T7 216
77 6 P21-T20 6712
78 1 P9-T19 2882
78 2 P35-T7 216
78 3 P21-T20 6712
78 4 P4-T12 2469
78 5 P22-T4 7685
78 6 P3-T14 3005
79 1 P17-T10 209
79 2 P12-T9 320
79 3 P4-T12 2469
79 4 P25-T16 2978
79 5 P22-T4 7685
79 6 P3-T14 3005
80 1 P22-T4 7685
80 2 P10-T11 5707
80 3 P12-T9 320
80 4 P7-T17 5933
80 5 P21-T20 6712
80 6 P15-T18 3233
81 1 P10-T11 5707
81 2 P28-T23 177
81 3 P7-T17 5933
81 4 P35-T7 216
81 5 P4-T12 2469
81 6 P3-T14 3005
82 1 P27-T25 238
82 2 P36-T1 8381
82 3 P10-T11 5707
82 4 P16-T13 7961
82 5 P12-T9 320
82 6 P21-T20 6712
83 1 P33-T15 200
83 2 P10-T11 5707
83 3 P27-T25 238
83 4 P22-T4 7685
83 5 P16-T13 7961
83 6 P35-T7 216
84 1 P22-T4 7685
84 2 P15-T18 3233
84 3 P4-T12 2469
84 4 P25-T16 2978
84 5 P21-T20 6712
84 6 P10-T11 5707
85 1 P7-T17 5933
85 2 P28-T23 177
85 3 P9-T19 2882
85 4 P16-T13 7961
85 5 P26-T22 3224
85 6 P21-T20 6712
86 1 P15-T18 3233
86 2 P27-T25 238
86 3 P7-T17 5933
86 4 P36-T1 8381
86 5 P17-T10 209
86 6 P10-T11 5707
87 1 P9-T19 2882
87 2 P25-T16 2978
87 3 P15-T18 3233
87 4 P26-T22 3224
87 5 P3-T14 3005
87 6 P4-T12 2469
88 1 P33-T15 200
88 2 P9-T19 2882
88 3 P4-T12 2469
88 4 P7-T17 5933
88 5 P15-T18 3233
88 6 P10-T11 5707
89 1 P16-T13 7961
89 2 P26-T22 3224
89 3 P9-T19 2882
89 4 P15-T18 3233
89 5 P10-T11 5707
89 6 P4-T12 2469
90 1 P15-T18 3233
90 2 P3-T14 3005
90 3 P9-T19 2882
90 4 P10-T11 5707
90 5 P16-T13 7961
90 6 P4-T12 2469
91 1 P16-T13 7961
91 2 P26-T22 3224
91 3 P12-T9 320
91 4 P4-T12 2469
91 5 P9-T19 2882
91 6 P25-T16 2978
92 1 P35-T7 216
92 2 P33-T15 200
92 3 P12-T9 320
92 4 P17-T10 209
92 5 P15-T18 3233
92 6 P25-T16 2978
93 1 P27-T25 238
93 2 P36-T1 8381
93 3 P10-T11 5707
93 4 P22-T4 7685
93 5 P7-T17 5933
93 6 P16-T13 7961
94 1 P21-T20 6712
94 2 P25-T16 2978
94 3 P4-T12 2469
94 4 P12-T9 320
94 5 P33-T15 200
94 6 P27-T25 238
95 1 P27-T25 238
95 2 P26-T22 3224
95 3 P22-T4 7685
95 4 P12-T9 320
95 5 P9-T19 2882
95 6 P4-T12 2469
96 1 P28-T23 177
96 2 P35-T7 216
96 3 P12-T9 320
96 4 P33-T15 200
96 5 P7-T17 5933
96 6 P17-T10 209
97 1 P17-T10 209
97 2 P35-T7 216
97 3 P12-T9 320
97 4 P27-T25 238
97 5 P22-T4 7685
97 6 P10-T11 5707
98 1 P17-T10 209
98 2 P16-T13 7961
98 3 P27-T25 238
98 4 P35-T7 216
98 5 P21-T20 6712
98 6 P26-T22 3224
99 1 P28-T23 177
99 2 P33-T15 200
99 3 P35-T7 216
99 4 P3-T14 3005
99 5 P17-T10 209
99 6 P12-T9 320
100 1 P22-T4 7685
100 2 P36-T1 8381
100 3 P7-T17 5933
100 4 P21-T20 6712
100 5 P17-T10 209
100 6 P25-T16 2978
101 1 P10-T11 5707
101 2 P36-T1 8381
101 3 P7-T17 5933
101 4 P28-T23 177
101 5 P22-T4 7685
101 6 P35-T7 216
102 1 P26-T22 3224
102 2 P7-T17 5933
102 3 P4-T12 2469
102 4 P9-T19 2882
102 5 P15-T18 3233
102 6 P3-T14 3005
103 1 P4-T12 2469
103 2 P26-T22 3224
103 3 P15-T18 3233
103 4 P21-T20 6712
103 5 P16-T13 7961
103 6 P17-T10 209
104 1 P25-T16 2978
104 2 P26-T22 3224
104 3 P4-T12 2469
104 4 P3-T14 3005
104 5 P28-T23 177
104 6 P9-T19 2882
105 1 P15-T18 3233
105 2 P27-T25 238
105 3 P12-T9 320
105 4 P10-T11 5707
105 5 P3-T14 3005
105 6 P17-T10 209
106 1 P21-T20 6712
106 2 P36-T1 8381
106 3 P27-T25 238
106 4 P7-T17 5933
106 5 P17-T10 209
106 6 P12-T9 320
107 1 P17-T10 209
107 2 P21-T20 6712
107 3 P3-T14 3005
107 4 P35-T7 216
107 5 P28-T23 177
107 6 P12-T9 320
108 1 P16-T13 7961
108 2 P10-T11 5707
108 3 P28-T23 177
108 4 P12-T9 320
108 5 P7-T17 5933
108 6 P21-T20 6712
109 1 P36-T1 8381
109 2 P17-T10 209
109 3 P7-T17 5933
109 4 P28-T23 177
109 5 P27-T25 238
109 6 P21-T20 6712
110 1 P7-T17 5933
110 2 P33-T15 200
110 3 P28-T23 177
110 4 P12-T9 320
110 5 P17-T10 209
110 6 P21-T20 6712
111 1 P12-T9 320
111 2 P26-T22 3224
111 3 P25-T16 2978
111 4 P36-T1 8381
111 5 P15-T18 3233
111 6 P9-T19 2882
112 1 P25-T16 2978
112 2 P7-T17 5933
112 3 P35-T7 216
112 4 P36-T1 8381
112 5 P12-T9 320
112 6 P22-T4 7685
113 1 P22-T4 7685
113 2 P12-T9 320
113 3 P16-T13 7961
113 4 P36-T1 8381
113 5 P10-T11 5707
113 6 P33-T15 200
114 1 P22-T4 7685
114 2 P33-T15 200
114 3 P17-T10 209
114 4 P12-T9 320
114 5 P36-T1 8381
114 6 P28-T23 177
115 1 P15-T18 3233
115 2 P12-T9 320
115 3 P22-T4 7685
115 4 P7-T17 5933
115 5 P36-T1 8381
115 6 P10-T11 5707
116 1 P12-T9 320
116 2 P17-T10 209
116 3 P15-T18 3233
116 4 P35-T7 216
116 5 P10-T11 5707
116 6 P22-T4 7685
117 1 P36-T1 8381
117 2 P27-T25 238
117 3 P7-T17 5933
117 4 P10-T11 5707
117 5 P28-T23 177
117 6 P35-T7 216
118 1 P15-T18 3233
118 2 P21-T20 6712
118 3 P25-T16 2978
118 4 P3-T14 3005
118 5 P16-T13 7961
118 6 P26-T22 3224
119 1 P7-T17 5933
119 2 P21-T20 6712
119 3 P26-T22 3224
119 4 P10-T11 5707
119 5 P15-T18 3233
119 6 P28-T23 177
120 1 P3-T14 3005
120 2 P4-T12 2469
120 3 P12-T9 320
120 4 P27-T25 238
120 5 P15-T18 3233
120 6 P25-T16 2978
121 1 P26-T22 3224
121 2 P25-T16 2978
121 3 P15-T18 3233
121 4 P4-T12 2469
121 5 P3-T14 3005
121 6 P16-T13 7961
122 1 P15-T18 3233
122 2 P26-T22 3224
122 3 P9-T19 2882
122 4 P3-T14 3005
122 5 P4-T12 2469
122 6 P22-T4 7685
123 1 P33-T15 200
123 2 P27-T25 238
123 3 P35-T7 216
123 4 P26-T22 3224
123 5 P17-T10 209
123 6 P21-T20 6712
124 1 P17-T10 209
124 2 P16-T13 7961
124 3 P22-T4 7685
124 4 P27-T25 238
124 5 P36-T1 8381
124 6 P35-T7 216
125 1 P9-T19 2882
125 2 P4-T12 2469
125 3 P35-T7 216
125 4 P21-T20 6712
125 5 P28-T23 177
125 6 P3-T14 3005
126 1 P10-T11 5707
126 2 P28-T23 177
126 3 P35-T7 216
126 4 P12-T9 320
126 5 P33-T15 200
126 6 P17-T10 209
127 1 P4-T12 2469
127 2 P12-T9 320
127 3 P9-T19 2882
127 4 P25-T16 2978
127 5 P16-T13 7961
127 6 P33-T15 200
128 1 P3-T14 3005
128 2 P15-T18 3233
128 3 P26-T22 3224
128 4 P25-T16 2978
128 5 P10-T11 5707
128 6 P4-T12 2469
129 1 P21-T20 6712
129 2 P36-T1 8381
129 3 P16-T13 7961
129 4 P10-T11 5707
129 5 P15-T18 3233
129 6 P7-T17 5933
130 1 P17-T10 209
130 2 P10-T11 5707
130 3 P16-T13 7961
130 4 P12-T9 320
130 5 P7-T17 5933
130 6 P36-T1 8381
131 1 P15-T18 3233
131 2 P7-T17 5933
131 3 P10-T11 5707
131 4 P28-T23 177
131 5 P17-T10 209
131 6 P22-T4 7685
132 1 P12-T9 320
132 2 P36-T1 8381
132 3 P27-T25 238
132 4 P16-T13 7961
132 5 P22-T4 7685
132 6 P17-T10 209
133 1 P4-T12 2469
133 2 P3-T14 3005
133 3 P36-T1 8381
133 4 P26-T22 3224
133 5 P33-T15 200
133 6 P15-T18 3233
134 1 P10-T11 5707
134 2 P35-T7 216
134 3 P16-T13 7961
134 4 P7-T17 5933
134 5 P36-T1 8381
134 6 P28-T23 177
135 1 P35-T7 216
135 2 P10-T11 5707
135 3 P36-T1 8381
135 4 P28-T23 177
135 5 P33-T15 200
135 6 P16-T13 7961
136 1 P4-T12 2469
136 2 P25-T16 2978
136 3 P21-T20 6712
136 4 P27-T25 238
136 5 P10-T11 5707
136 6 P33-T15 200
137 1 P4-T12 2469
137 2 P15-T18 3233
137 3 P9-T19 2882
137 4 P17-T10 209
137 5 P3-T14 3005
137 6 P22-T4 7685
138 1 P27-T25 238
138 2 P16-T13 7961
138 3 P10-T11 5707
138 4 P36-T1 8381
138 5 P21-T20 6712
138 6 P35-T7 216
139 1 P12-T9 320
139 2 P17-T10 209
139 3 P7-T17 5933
139 4 P10-T11 5707
139 5 P16-T13 7961
139 6 P27-T25 238
140 1 P9-T19 2882
140 2 P3-T14 3005
140 3 P25-T16 2978
140 4 P4-T12 2469
140 5 P26-T22 3224
140 6 P15-T18 3233
141 1 P12-T9 320
141 2 P33-T15 200
141 3 P36-T1 8381
141 4 P27-T25 238
141 5 P28-T23 177
141 6 P7-T17 5933
142 1 P7-T17 5933
142 2 P22-T4 7685
142 3 P10-T11 5707
142 4 P17-T10 209
142 5 P35-T7 216
142 6 P28-T23 177
143 1 P17-T10 209
143 2 P12-T9 320
143 3 P7-T17 5933
143 4 P21-T20 6712
143 5 P22-T4 7685
143 6 P36-T1 8381
144 1 P25-T16 2978
144 2 P26-T22 3224
144 3 P4-T12 2469
144 4 P21-T20 6712
144 5 P15-T18 3233
144 6 P9-T19 2882
145 1 P7-T17 5933
145 2 P27-T25 238
145 3 P10-T11 5707
145 4 P33-T15 200
145 5 P22-T4 7685
145 6 P35-T7 216
146 1 P35-T7 216
146 2 P22-T4 7685
146 3 P17-T10 209
146 4 P21-T20 6712
146 5 P7-T17 5933
146 6 P36-T1 8381
147 1 P4-T12 2469
147 2 P9-T19 2882
147 3 P15-T18 3233
147 4 P26-T22 3224
147 5 P3-T14 3005
147 6 P25-T16 2978
148 1 P17-T10 209
148 2 P21-T20 6712
148 3 P26-T22 3224
148 4 P12-T9 320
148 5 P10-T11 5707
148 6 P28-T23 177
149 1 P25-T16 2978
149 2 P9-T19 2882
149 3 P3-T14 3005
149 4 P15-T18 3233
149 5 P22-T4 7685
149 6 P26-T22 3224
150 1 P17-T10 209
150 2 P16-T13 7961
150 3 P35-T7 216
150 4 P10-T11 5707
150 5 P12-T9 320
150 6 P7-T17 5933
151 1 P22-T4 7685
151 2 P25-T16 2978
151 3 P17-T10 209
151 4 P10-T11 5707
151 5 P15-T18 3233
151 6 P21-T20 6712
152 1 P12-T9 320
152 2 P10-T11 5707
152 3 P16-T13 7961
152 4 P26-T22 3224
152 5 P7-T17 5933
152 6 P36-T1 8381
153 1 P10-T11 5707
153 2 P27-T25 238
153 3 P35-T7 216
153 4 P7-T17 5933
153 5 P36-T1 8381
153 6 P25-T16 2978
154 1 P16-T13 7961
154 2 P10-T11 5707
154 3 P27-T25 238
154 4 P33-T15 200
154 5 P22-T4 7685
154 6 P28-T23 177
155 1 P7-T17 5933
155 2 P16-T13 7961
155 3 P27-T25 238
155 4 P10-T11 5707
155 5 P21-T20 6712
155 6 P28-T23 177
156 1 P16-T13 7961
156 2 P21-T20 6712
156 3 P7-T17 5933
156 4 P27-T25 238
156 5 P17-T10 209
156 6 P36-T1 8381
157 1 P4-T12 2469
157 2 P33-T15 200
157 3 P17-T10 209
157 4 P12-T9 320
157 5 P28-T23 177
157 6 P16-T13 7961
158 1 P12-T9 320
158 2 P17-T10 209
158 3 P36-T1 8381
158 4 P10-T11 5707
158 5 P35-T7 216
158 6 P21-T20 6712
159 1 P26-T22 3224
159 2 P15-T18 3233
159 3 P16-T13 7961
159 4 P3-T14 3005
159 5 P9-T19 2882
159 6 P10-T11 5707
160 1 P17-T10 209
160 2 P33-T15 200
160 3 P12-T9 320
160 4 P7-T17 5933
160 5 P28-T23 177
160 6 P35-T7 216
161 1 P33-T15 200
161 2 P17-T10 209
161 3 P36-T1 8381
161 4 P16-T13 7961
161 5 P15-T18 3233
161 6 P28-T23 177
162 1 P17-T10 209
162 2 P33-T15 200
162 3 P28-T23 177
162 4 P10-T11 5707
162 5 P12-T9 320
162 6 P22-T4 7685
163 1 P27-T25 238
163 2 P7-T17 5933
163 3 P21-T20 6712
163 4 P35-T7 216
163 5 P12-T9 320
163 6 P28-T23 177
164 1 P10-T11 5707
164 2 P3-T14 3005
164 3 P21-T20 6712
164 4 P15-T18 3233
164 5 P26-T22 3224
164 6 P25-T16 2978
165 1 P12-T9 320
165 2 P4-T12 2469
165 3 P15-T18 3233
165 4 P17-T10 209
165 5 P35-T7 216
165 6 P25-T16 2978
166 1 P22-T4 7685
166 2 P3-T14 3005
166 3 P15-T18 3233
166 4 P27-T25 238
166 5 P9-T19 2882
166 6 P4-T12 2469
167 1 P27-T25 238
167 2 P35-T7 216
167 3 P21-T20 6712
167 4 P33-T15 200
167 5 P36-T1 8381
167 6 P10-T11 5707
168 1 P17-T10 209
168 2 P33-T15 200
168 3 P10-T11 5707
168 4 P12-T9 320
168 5 P16-T13 7961
168 6 P28-T23 177
169 1 P21-T20 6712
169 2 P16-T13 7961
169 3 P4-T12 2469
169 4 P3-T14 3005
169 5 P15-T18 3233
169 6 P35-T7 216
170 1 P22-T4 7685
170 2 P7-T17 5933
170 3 P21-T20 6712
170 4 P36-T1 8381
170 5 P16-T13 7961
170 6 P27-T25 238
171 1 P15-T18 3233
171 2 P4-T12 2469
171 3 P36-T1 8381
171 4 P21-T20 6712
171 5 P17-T10 209
171 6 P12-T9 320
172 1 P16-T13 7961
172 2 P35-T7 216
172 3 P33-T15 200
172 4 P15-T18 3233
172 5 P27-T25 238
172 6 P25-T16 2978
173 1 P10-T11 5707
173 2 P22-T4 7685
173 3 P35-T7 216
173 4 P12-T9 320
173 5 P4-T12 2469
173 6 P7-T17 5933
174 1 P16-T13 7961
174 2 P22-T4 7685
174 3 P36-T1 8381
174 4 P10-T11 5707
174 5 P7-T17 5933
174 6 P21-T20 6712
175 1 P9-T19 2882
175 2 P15-T18 3233
175 3 P10-T11 5707
175 4 P3-T14 3005
175 5 P26-T22 3224
175 6 P7-T17 5933
176 1 P7-T17 5933
176 2 P33-T15 200
176 3 P28-T23 177
176 4 P12-T9 320
176 5 P22-T4 7685
176 6 P16-T13 7961
177 1 P17-T10 209
177 2 P3-T14 3005
177 3 P10-T11 5707
177 4 P22-T4 7685
177 5 P16-T13 7961
177 6 P4-T12 2469
178 1 P12-T9 320
178 2 P10-T11 5707
178 3 P36-T1 8381
178 4 P22-T4 7685
178 5 P17-T10 209
178 6 P28-T23 177
179 1 P26-T22 3224
179 2 P3-T14 3005
179 3 P15-T18 3233
179 4 P25-T16 2978
179 5 P9-T19 2882
179 6 P4-T12 2469
180 1 P28-T23 177
180 2 P33-T15 200
180 3 P35-T7 216
180 4 P7-T17 5933
180 5 P10-T11 5707
180 6 P16-T13 7961
181 1 P22-T4 7685
181 2 P10-T11 5707
181 3 P21-T20 6712
181 4 P17-T10 209
181 5 P7-T17 5933
181 6 P9-T19 2882
182 1 P27-T25 238
182 2 P10-T11 5707
182 3 P35-T7 216
182 4 P25-T16 2978
182 5 P26-T22 3224
182 6 P4-T12 2469
183 1 P7-T17 5933
183 2 P27-T25 238
183 3 P16-T13 7961
183 4 P22-T4 7685
183 5 P28-T23 177
183 6 P26-T22 3224
184 1 P7-T17 5933
184 2 P17-T10 209
184 3 P22-T4 7685
184 4 P28-T23 177
184 5 P35-T7 216
184 6 P12-T9 320
185 1 P9-T19 2882
185 2 P25-T16 2978
185 3 P3-T14 3005
185 4 P4-T12 2469
185 5 P26-T22 3224
185 6 P16-T13 7961
186 1 P28-T23 177
186 2 P35-T7 216
186 3 P7-T17 5933
186 4 P27-T25 238
186 5 P17-T10 209
186 6 P12-T9 320
187 1 P27-T25 238
187 2 P12-T9 320
187 3 P33-T15 200
187 4 P7-T17 5933
187 5 P36-T1 8381
187 6 P28-T23 177
188 1 P3-T14 3005
188 2 P17-T10 209
188 3 P15-T18 3233
188 4 P9-T19 2882
188 5 P12-T9 320
188 6 P25-T16 2978
189 1 P3-T14 3005
189 2 P26-T22 3224
189 3 P4-T12 2469
189 4 P25-T16 2978
189 5 P15-T18 3233
189 6 P9-T19 2882
190 1 P12-T9 320
190 2 P25-T16 2978
190 3 P7-T17 5933
190 4 P26-T22 3224
190 5 P15-T18 3233
190 6 P9-T19 2882
191 1 P17-T10 209
191 2 P33-T15 200
191 3 P3-T14 3005
191 4 P35-T7 216
191 5 P27-T25 238
191 6 P22-T4 7685
192 1 P22-T4 7685
192 2 P9-T19 2882
192 3 P25-T16 2978
192 4 P3-T14 3005
192 5 P28-T23 177
192 6 P10-T11 5707
