2	12
3	8
6	9
20	1
42	1
49	2
63	5
64	1
71	1
76	1
82	9
85	2
86	1
89	2
90	10
91	29
92	45
93	34
94	58
95	43
96	39
97	45
98	68
99	59
100	117
101	152
102	155
103	145
104	183
105	143
106	169
107	173
108	179
109	200
110	180
111	190
112	233
113	188
114	229
115	234
116	227
117	220
118	217
119	250
120	299
121	266
122	246
123	263
124	242
125	346
126	266
127	333
128	417
129	377
130	490
131	335
132	378
133	491
134	481
135	512
136	447
137	424
138	501
139	459
140	637
141	619
142	526
143	617
144	602
145	657
146	536
147	608
148	578
149	617
150	605
151	663
152	691
153	669
154	641
155	749
156	736
157	861
158	762
159	862
160	777
161	866
162	944
163	969
164	812
165	962
166	994
167	1135
168	1022
169	1051
170	1096
171	1188
172	1154
173	1334
174	1465
175	1245
176	1391
177	1434
178	1346
179	1435
180	1288
181	1763
182	1497
183	1579
184	1563
185	1517
186	1579
187	1544
188	1559
189	1806
190	1758
191	1599
192	1719
193	1773
194	1908
195	2018
196	1860
197	1940
198	1911
199	2030
200	1941
201	1880
202	2037
203	1967
204	1991
205	2007
206	2049
207	2001
208	2219
209	2354
210	2233
211	2550
212	2217
213	2318
214	2397
215	2481
216	2272
217	2431
218	2532
219	2435
220	2372
221	2611
222	2395
223	2756
224	2554
225	2267
226	2430
227	2520
228	2184
229	2415
230	2544
231	2670
232	2728
233	2457
234	2669
235	2447
236	2631
237	2558
238	2323
239	2648
240	2659
241	2575
242	2411
243	2621
244	2655
245	2660
246	2506
247	2687
248	2827
249	2382
250	2649
251	2555
252	2598
253	2692
254	2531
255	2677
256	2394
257	2429
258	2371
259	2430
260	2455
261	2859
262	2471
263	3057
264	2661
265	2783
266	2892
267	3064
268	3254
269	2783
270	2710
271	2624
272	2756
273	2609
274	2671
275	2630
276	2766
277	2981
278	2723
279	2698
280	2805
281	2798
282	2813
283	2531
284	2608
285	2384
286	2296
287	2270
288	2327
289	2121
290	1977
291	1957
292	2150
293	1884
294	1948
295	1907
296	2107
297	2217
298	2079
299	2081
300	2041
301	2021
302	1996
303	2786
304	2308
305	1973
306	1768
307	1848
308	2156
309	1971
310	1740
311	1729
312	1979
313	1618
314	1547
315	1793
316	1775
317	1631
318	1719
319	1634
320	1554
321	1928
322	1659
323	1399
324	1452
325	1407
326	1440
327	1496
328	1412
329	1500
330	1311
331	1351
332	1371
333	1203
334	1252
335	1353
336	1141
337	1191
338	1195
339	1406
340	1228
341	1127
342	948
343	1193
344	1059
345	1157
346	980
347	1063
348	1132
349	1002
350	928
351	893
352	1170
353	823
354	961
355	968
356	985
357	723
358	909
359	1104
360	906
361	891
362	869
363	907
364	1061
365	807
366	739
367	743
368	824
369	666
370	675
371	733
372	608
373	673
374	680
375	605
376	771
377	766
378	767
379	660
380	628
381	624
382	644
383	610
384	537
385	577
386	533
387	586
388	542
389	527
390	528
391	596
392	424
393	527
394	488
395	500
396	500
397	511
398	556
399	426
400	455
401	403
402	472
403	480
404	477
405	372
406	448
407	400
408	407
409	363
410	324
411	401
412	407
413	402
414	365
415	435
416	267
417	309
418	335
419	300
420	299
421	349
422	306
423	320
424	320
425	269
426	290
427	291
428	324
429	237
430	258
431	274
432	228
433	280
434	216
435	211
436	241
437	231
438	226
439	236
440	183
441	198
442	205
443	172
444	187
445	216
446	154
447	211
448	203
449	194
450	186
451	207
452	125
453	170
454	178
455	207
456	126
457	128
458	143
459	138
460	157
461	148
462	164
463	213
464	108
465	102
466	122
467	138
468	115
469	129
470	113
471	131
472	80
473	95
474	119
475	97
476	71
477	137
478	105
479	134
480	83
481	109
482	124
483	92
484	144
485	118
486	95
487	100
488	96
489	100
490	72
491	90
492	71
493	106
494	116
495	90
496	38
497	87
498	88
499	105
500	50
501	50
502	79
503	46
504	67
505	73
506	42
507	83
508	72
509	68
510	58
511	44
512	42
513	37
514	40
515	62
516	32
517	41
518	53
519	38
520	35
521	41
522	50
523	45
524	63
525	35
526	71
527	48
528	44
529	41
530	27
531	49
532	38
533	50
534	30
535	37
536	21
537	47
538	18
539	30
540	16
541	36
542	34
543	42
544	27
545	36
546	26
547	47
548	23
549	32
550	36
551	48
552	36
553	23
554	24
555	28
556	31
557	23
558	14
559	25
560	27
561	17
562	22
563	30
564	33
565	25
566	25
567	7
568	20
569	12
570	26
571	23
572	6
573	17
574	12
575	14
576	13
577	19
578	11
579	22
580	18
581	19
582	19
583	10
584	11
585	13
586	8
587	14
588	15
589	25
590	5
591	20
592	7
593	8
594	23
595	21
596	20
597	14
598	1
599	24
600	3
601	11
602	2
603	11
604	17
605	5
606	8
607	10
608	10
609	6
610	7
611	15
612	6
613	4
614	10
615	10
616	10
617	3
618	8
619	5
620	9
621	7
622	5
623	4
624	3
625	8
626	9
627	12
628	2
630	5
631	2
632	9
633	7
634	5
636	4
637	7
638	7
639	12
640	7
641	5
642	2
643	11
644	9
645	1
646	3
647	2
648	1
649	3
651	5
653	10
654	2
656	1
657	6
658	5
660	2
661	3
662	2
663	1
664	2
665	5
667	1
668	3
669	2
671	2
672	6
674	7
676	7
677	3
678	1
679	2
680	4
684	1
685	2
687	8
690	6
691	1
692	11
693	6
694	2
697	2
703	8
704	2
707	3
708	10
709	2
711	1
712	1
713	3
714	4
716	5
717	2
719	2
720	1
721	1
726	2
729	1
732	1
733	3
756	5
758	1
763	1
768	1
772	4
773	6
775	1
776	1
785	1
786	2
796	1
805	1
809	1
813	1
817	9
824	2
828	2
830	1
839	1
840	3
853	1
863	3
906	1
978	6
979	1
980	1
983	7
991	6
1007	10
1015	4
1065	1
1073	4
1087	5
1092	8
1108	5
1111	6
1116	4
1129	1
1138	5
1229	1
1292	1
3663	1
4453	1
4647	1
7555	1
10713	1
10745	2
10791	6
10819	1
10830	6
10835	10
10842	6
17120	1
19741	1
23957	1
29977	1
31929	1
57431	1
60018	1
63541	1
82160	1
84253	1
85051	1
101889	1
112630	1
112651	4
112665	1
113887	1
113892	1
113894	1
113896	1
121801	1
132147	1
134540	1
137618	1
140489	1
145262	1
146819	1
150835	1
152227	1
152394	1
155355	1
155405	1
159517	1
160463	1
161341	1
173494	1
173790	1
177903	1
177915	1
179512	1
182390	1
186253	1
186833	2
186913	1
186948	2
186985	4
196329	1
197367	1
203040	1
211884	1
212564	1
226894	1
243708	1
246514	1
265828	1
269609	1
272853	1
278482	1
282034	1
293651	1
308314	1
321683	1
327728	1
338088	1
344316	1
356810	1
374235	1
399240	1
400540	1
409634	1
414141	1
430942	1
447799	1
454347	1
484338	1
488305	1
490418	4
491843	1
494823	1
495301	1
500550	1
502010	1
503803	1
505325	1
512434	1
514716	1
514763	1
520525	1
520589	1
531269	1
536275	1
541212	1
557692	1
568142	1
568881	1
579407	1
602857	1
623573	1
628855	1
647782	3
654387	1
657071	1
669365	1
673185	1
687704	1
692698	1
692882	1
696043	1
697021	1
698854	1
700860	1
707478	1
708178	1
708403	1
708419	1
710470	1
713108	1
714280	1
714909	1
721442	1
722180	1
735993	1
741533	1
743490	1
768118	1
771374	1
776677	1
778058	1
780362	1
795576	1
799851	1
811962	1
814140	1
817015	1
832464	1
851254	1
858292	5
871865	1
891701	1
897090	1
897551	1
900622	1
900681	1
902988	1
903419	1
907546	1
913545	1
920905	1
921804	1
921841	3
927895	1
930529	1
933178	1
938264	1
958167	1
958280	1
960503	1
975683	1
999256	1
1004680	1
1004725	1
1028200	1
1052262	1
1061477	1
1072326	1
1096136	1
1104584	1
1116612	1
1124404	1
1130090	1
1138787	1
1169372	1
1169685	1
1172203	1
1176984	1
1177624	1
1186229	1
1207528	1
1221309	1
1271152	1
1293489	1
1309132	1
1317010	1
1319467	1
1320315	1
1321887	1
1333549	1
1351785	1
1354880	1
1401031	1
1413669	2
1423586	1
1423606	2
1423692	2
1445345	1
1459968	1
1481110	1
1487934	1
1487968	1
1488176	1
1490891	1
1494634	1
1522661	1
1529372	1
1530394	1
1565905	1
1575647	1
1593416	1
1595910	4
1601854	1
1611180	1
1613046	1
1623210	1
1643634	1
1678143	1
1698847	1
1715755	1
1731877	1
1737870	1
1740814	1
1765779	1
1811089	1
1820593	1
1829901	1
1845133	1
1847696	1
1848752	1
1849358	2
1865037	1
1871401	1
1901648	1
1915476	1
1933969	4
1962863	1
2001579	1
2022663	1
2032921	1
2043791	1
2048991	1
2082047	1
2095825	1
2098809	1
2101029	1
2102812	1
2111596	1
2116473	2
2139436	1
2153994	1
2204267	1
2217078	1
2234224	1
2242098	1
2277846	1
2357491	1
2361305	1
2368235	1
2368542	1
2384408	1
2438948	1
2460375	1
2465776	1
2469717	1
2471752	1
2475778	1
2506325	1
2576811	1
2587486	1
2619202	1
2650295	1
2676954	1
2702219	1
2714340	1
2759374	1
2770094	1
2780531	1
2780862	1
2811233	1
2831025	1
2837739	1
2852101	1
2861274	1
2867511	1
2945475	2
2979614	1
2991692	2
3076666	1
3140683	1
3144439	1
3170003	1
3181265	1
3194744	1
3202028	1
3237958	1
3241575	1
3261779	1
3307762	1
3319210	1
3319868	1
3322526	1
3348573	1
3367314	3
3368115	2
3368160	2
3389978	1
3405120	1
3416959	1
3432832	1
3436898	1
3437707	1
3454570	1
3455173	1
3487793	1
3490536	1
3497826	1
3505555	1
3508273	1
3512503	1
3651529	1
3652833	1
3657517	1
3737642	1
3739299	1
3763464	1
3799310	1
3803845	1
3808517	1
3836164	1
3858598	1
3872970	1
3885900	1
3921539	1
3989452	1
4156412	1
4190036	1
4258443	1
4261648	1
4421454	2
4455387	4
4455401	1
4455421	5
4455424	5
4455426	9
4455511	1
4455517	5
4455519	5
4456055	1
4522750	1
