2	5
3	3
5	1
7	2
15	1
19	1
28	3
35	3
58	3
86	1
87	1
89	3
90	12
91	16
92	26
93	24
94	41
95	23
96	39
97	28
98	33
99	72
100	91
101	122
102	136
103	142
104	109
105	122
106	110
107	167
108	157
109	118
110	167
111	168
112	205
113	163
114	143
115	177
116	214
117	165
118	215
119	201
120	202
121	246
122	232
123	248
124	223
125	235
126	236
127	298
128	284
129	298
130	244
131	277
132	271
133	296
134	289
135	350
136	433
137	456
138	414
139	385
140	509
141	406
142	490
143	473
144	518
145	509
146	463
147	449
148	430
149	506
150	439
151	497
152	531
153	538
154	538
155	624
156	608
157	726
158	636
159	755
160	658
161	735
162	844
163	691
164	728
165	787
166	790
167	751
168	856
169	691
170	803
171	942
172	864
173	929
174	1047
175	1030
176	993
177	1034
178	1046
179	1125
180	1226
181	1201
182	1292
183	1823
184	1320
185	1393
186	1223
187	1242
188	1264
189	1373
190	1194
191	1301
192	1428
193	1682
194	1597
195	1728
196	1559
197	1572
198	1509
199	1595
200	1866
201	1533
202	2000
203	1913
204	1783
205	1730
206	2090
207	2056
208	2050
209	2017
210	1874
211	2053
212	2116
213	2396
214	2326
215	2506
216	2497
217	2441
218	2354
219	2425
220	2433
221	2510
222	2327
223	2569
224	2339
225	2300
226	2236
227	2104
228	2126
229	2240
230	2013
231	2418
232	2062
233	2197
234	2377
235	2268
236	2780
237	2301
238	2237
239	2255
240	2355
241	2637
242	2891
243	2805
244	2490
245	2694
246	2682
247	2529
248	2585
249	2410
250	2254
251	2540
252	2355
253	2461
254	2283
255	2430
256	2441
257	2414
258	2492
259	2557
260	2366
261	2585
262	2742
263	2734
264	2541
265	2773
266	3206
267	2960
268	2723
269	2486
270	2650
271	2792
272	2447
273	2518
274	2439
275	2506
276	2514
277	2421
278	2253
279	2383
280	2331
281	2729
282	2706
283	3118
284	3254
285	2607
286	2364
287	2221
288	2664
289	1973
290	2055
291	1952
292	1969
293	2004
294	1956
295	1968
296	2190
297	2079
298	2259
299	2031
300	1927
301	1909
302	1794
303	1916
304	2032
305	1938
306	1827
307	1796
308	1787
309	1652
310	1717
311	1663
312	1640
313	1649
314	1707
315	1844
316	1757
317	1687
318	1612
319	1599
320	1594
321	1563
322	1547
323	1569
324	1580
325	1495
326	1380
327	1531
328	1445
329	1427
330	1396
331	1498
332	1343
333	1441
334	1453
335	1299
336	1390
337	1227
338	1197
339	1247
340	1211
341	1330
342	1160
343	1132
344	1158
345	1088
346	1052
347	1102
348	1038
349	1031
350	1145
351	1046
352	1268
353	962
354	982
355	919
356	994
357	1063
358	993
359	1006
360	1102
361	1145
362	1455
363	1430
364	3156
365	879
366	712
367	855
368	739
369	822
370	802
371	672
372	742
373	737
374	703
375	700
376	660
377	997
378	771
379	655
380	612
381	607
382	642
383	621
384	598
385	555
386	569
387	597
388	543
389	531
390	492
391	508
392	483
393	559
394	581
395	530
396	512
397	501
398	504
399	467
400	468
401	452
402	464
403	503
404	413
405	421
406	454
407	387
408	406
409	395
410	408
411	407
412	377
413	397
414	404
415	416
416	351
417	318
418	352
419	291
420	367
421	323
422	323
423	272
424	301
425	276
426	311
427	295
428	301
429	324
430	288
431	262
432	235
433	277
434	273
435	259
436	255
437	235
438	261
439	256
440	213
441	212
442	258
443	203
444	199
445	221
446	200
447	197
448	149
449	178
450	208
451	211
452	164
453	237
454	189
455	175
456	152
457	177
458	153
459	184
460	168
461	185
462	157
463	157
464	143
465	137
466	146
467	131
468	136
469	123
470	129
471	122
472	143
473	143
474	107
475	143
476	108
477	127
478	87
479	137
480	130
481	130
482	141
483	81
484	125
485	104
486	108
487	95
488	104
489	73
490	104
491	95
492	91
493	66
494	103
495	105
496	83
497	96
498	91
499	91
500	99
501	69
502	107
503	74
504	78
505	70
506	78
507	64
508	43
509	46
510	59
511	62
512	68
513	44
514	56
515	53
516	71
517	49
518	42
519	67
520	57
521	55
522	45
523	40
524	61
525	46
526	60
527	34
528	44
529	37
530	46
531	40
532	43
533	52
534	35
535	58
536	45
537	42
538	24
539	27
540	50
541	52
542	26
543	37
544	40
545	37
546	29
547	43
548	20
549	27
550	29
551	23
552	28
553	34
554	22
555	27
556	14
557	23
558	30
559	27
560	22
561	30
562	21
563	20
564	26
565	25
566	22
567	37
568	16
569	24
570	24
571	13
572	23
573	17
574	13
575	16
576	15
577	8
578	18
579	18
580	12
581	16
582	17
583	15
584	5
585	17
586	12
587	16
588	16
589	18
590	21
591	14
592	12
593	25
594	13
595	6
596	19
597	11
598	14
599	21
600	18
601	12
602	5
603	17
604	15
605	11
606	16
607	14
608	5
609	16
610	7
611	15
612	7
613	9
614	15
615	14
616	14
617	2
618	9
619	5
620	12
621	8
622	10
623	14
624	5
625	6
626	16
627	5
628	5
629	6
630	5
631	7
632	8
633	9
634	4
635	5
636	3
637	4
638	1
639	6
640	6
641	3
642	1
643	3
644	4
645	5
646	5
648	4
650	3
651	4
652	2
653	5
654	1
655	4
656	4
657	10
658	4
659	1
660	5
661	4
662	4
663	6
664	3
665	3
666	6
667	1
668	1
669	8
670	1
671	1
673	1
674	7
675	5
676	4
677	3
678	2
679	1
680	2
681	2
682	2
683	4
687	3
688	3
690	1
691	2
692	2
694	3
695	2
696	2
698	2
699	3
701	3
702	1
704	4
705	2
706	1
707	5
709	2
710	2
711	1
712	5
715	2
717	1
722	1
723	3
724	2
727	1
728	2
731	1
733	1
736	1
738	1
739	3
742	1
743	1
745	1
746	1
748	2
750	1
753	1
756	2
757	2
758	4
760	2
766	1
768	1
769	2
773	2
775	1
777	1
781	1
787	1
795	3
798	1
816	2
819	1
821	1
836	1
887	1
896	1
913	1
932	2
944	1
949	1
974	1
976	4
997	1
1003	3
1007	3
1020	3
1022	1
1026	3
1038	1
1041	2
1042	2
1044	1
1045	2
1046	2
1049	3
1050	1
1053	1
1055	1
1058	5
1059	1
1062	1
1066	5
1069	1
1072	4
1073	1
1074	2
1076	5
1078	3
1080	5
1081	1
1087	5
1088	1
1090	1
1091	1
1095	2
1096	1
1098	8
1101	2
1102	2
1110	8
1112	2
1114	4
1115	1
1119	2
1120	2
1123	1
1133	2
1135	4
1141	5
1151	4
1152	2
1166	5
1167	2
1169	3
1180	1
1185	2
1186	3
1191	2
1212	1
1253	1
1284	2
1355	2
1365	1
1478	1
4114	1
10669	2
10726	2
10727	1
10733	5
10735	1
10770	3
10790	3
10794	6
10800	6
10802	3
10807	1
10809	1
10823	3
10824	6
10825	2
10827	1
10829	1
10834	1
10836	1
10860	3
10863	6
10867	2
10876	2
10878	5
10885	2
10894	3
10907	2
10926	1
10938	1
10940	1
10944	3
10948	1
10949	3
10961	2
11498	1
16474	1
16478	1
25174	1
26426	1
26740	1
27138	1
43559	1
46592	1
49821	1
57536	1
58902	1
63140	1
67790	1
74042	1
75379	1
80863	1
100109	1
108925	1
110116	1
112613	1
112628	1
113564	1
113872	1
113902	1
113909	1
114064	1
129436	1
132758	1
133101	1
134320	1
139902	1
150216	1
164173	1
174040	1
176112	1
177244	1
178067	1
179000	1
181365	1
184019	1
186863	1
204277	1
219606	1
238199	1
239902	1
249424	1
255795	1
274238	1
287848	1
352070	1
353644	1
379570	1
387254	1
420228	1
441726	1
462843	1
468980	1
478450	1
483579	1
489301	1
490390	1
493475	1
520167	1
520486	1
533070	1
558724	1
559764	1
566024	1
579164	1
582009	1
587355	1
598062	1
598866	1
604979	1
651378	1
653563	1
666817	1
670958	1
697623	1
698991	1
699390	1
700199	1
700313	1
701822	1
702638	1
702794	1
704274	1
706507	1
706759	1
707306	1
708186	1
720492	1
720674	1
736823	1
748032	1
749937	1
790692	1
817562	1
829371	1
870730	1
880854	1
904400	1
910971	1
921809	2
944040	1
956522	4
957342	1
965672	1
983391	1
997253	1
1004066	1
1011604	1
1033374	1
1075487	1
1094896	1
1134301	1
1135622	1
1147234	1
1164149	1
1203540	1
1241804	1
1264002	1
1321992	1
1324152	2
1349397	1
1353814	1
1364731	4
1366021	1
1413680	1
1418637	1
1423656	1
1423676	2
1438795	1
1438986	1
1439970	1
1481213	1
1497123	1
1504283	1
1524909	1
1548506	1
1554965	1
1562125	1
1581097	1
1583986	1
1594897	1
1596002	1
1613789	1
1650062	1
1675748	1
1692635	1
1715573	1
1731270	1
1750970	1
1778391	1
1786030	1
1794395	1
1801933	1
1805967	1
1806841	1
1826607	1
1833393	1
1847874	1
1859442	1
1867082	1
1896001	1
1897326	1
1915622	1
1919275	1
1922756	1
1933173	1
1978347	1
1986251	1
1993037	1
2033610	1
2045783	1
2073463	1
2090487	1
2095392	1
2099666	1
2105714	1
2114864	1
2128155	1
2136590	1
2190915	1
2219250	1
2219739	1
2256158	1
2297107	1
2328184	1
2382980	1
2388342	1
2421713	1
2466691	1
2523117	1
2526557	1
2527747	1
2580182	1
2586965	1
2587830	1
2597748	1
2608946	1
2675199	1
2742586	1
2754461	1
2810645	1
2811548	1
2827271	1
2831256	1
2875971	1
2922937	1
2928028	1
2945593	1
2949921	1
2980088	1
3010347	1
3049469	1
3061642	1
3061987	1
3132856	1
3136977	1
3140861	1
3175865	1
3187858	1
3190273	1
3229364	1
3278102	1
3313570	1
3345156	1
3373711	1
3420499	1
3435163	1
3438784	1
3460454	1
3509916	1
3554717	1
3582880	1
3600539	1
3689719	1
3731448	1
3877078	1
3891753	1
3891758	1
3976381	1
4034199	3
4204512	1
4210402	1
4283866	1
4409211	1
4455319	1
4455384	3
4455471	3
4455493	1
4455525	1
4455653	1
