63	13
93	11
94	36
95	53
96	16
97	50
98	73
99	70
100	72
101	146
102	115
103	148
104	150
105	180
106	95
107	198
108	124
109	172
110	237
111	231
112	190
113	213
114	198
115	258
116	255
117	319
118	219
119	316
120	217
121	329
122	208
123	274
124	270
125	249
126	283
127	300
128	407
129	379
130	364
131	317
132	320
133	551
134	459
135	376
136	363
137	343
138	426
139	462
140	508
141	579
142	449
143	603
144	418
145	641
146	588
147	693
148	560
149	615
150	767
151	622
152	754
153	699
154	645
155	754
156	800
157	954
158	823
159	873
160	826
161	854
162	1107
163	1034
164	1110
165	1086
166	1113
167	1037
168	903
169	1046
170	1068
171	1229
172	1295
173	1173
174	1342
175	1213
176	1252
177	1244
178	1306
179	1446
180	1637
181	1539
182	1425
183	1543
184	1457
185	1525
186	1579
187	1588
188	1498
189	1489
190	1626
191	1702
192	1555
193	1709
194	1493
195	1964
196	1813
197	2022
198	2055
199	2189
200	1942
201	1834
202	2174
203	2035
204	2054
205	1923
206	1946
207	1994
208	2483
209	1992
210	2137
211	2438
212	2126
213	2237
214	2552
215	2354
216	2380
217	2443
218	2343
219	2510
220	2502
221	2994
222	2230
223	2589
224	2809
225	2279
226	2514
227	2588
228	2567
229	2449
230	2844
231	2856
232	2919
233	2479
234	2665
235	2688
236	2905
237	3055
238	2655
239	2735
240	2929
241	2693
242	2566
243	2834
244	2933
245	2717
246	2666
247	3187
248	2978
249	2435
250	3027
251	2520
252	2972
253	3055
254	2659
255	2749
256	2343
257	2830
258	2499
259	2487
260	2954
261	2585
262	2411
263	2666
264	2559
265	2521
266	2477
267	2982
268	2927
269	2704
270	2333
271	2741
272	2706
273	2805
274	2815
275	2526
276	2610
277	2601
278	2504
279	2489
280	2640
281	2491
282	2460
283	2555
284	2568
285	2593
286	2125
287	2501
288	2380
289	2322
290	2259
291	2335
292	2216
293	2313
294	2360
295	2273
296	2289
297	2557
298	2460
299	2283
300	2335
301	1903
302	2173
303	2105
304	1979
305	2120
306	1958
307	1918
308	1703
309	1935
310	1775
311	1627
312	2001
313	1874
314	1960
315	2029
316	1892
317	1663
318	2015
319	1898
320	1699
321	1963
322	2149
323	1579
324	1433
325	1373
326	1642
327	1475
328	1704
329	1744
330	1412
331	1484
332	1445
333	1456
334	1341
335	1233
336	963
337	1214
338	1279
339	1307
340	1239
341	1047
342	1065
343	1303
344	1172
345	1335
346	1008
347	991
348	1121
349	1219
350	1007
351	839
352	1138
353	884
354	976
355	1000
356	1027
357	736
358	1015
359	955
360	849
361	841
362	714
363	854
364	842
365	862
366	750
367	973
368	828
369	716
370	731
371	855
372	649
373	624
374	713
375	641
376	933
377	683
378	633
379	764
380	723
381	761
382	715
383	621
384	435
385	482
386	479
387	611
388	653
389	432
390	484
391	621
392	481
393	505
394	631
395	521
396	537
397	530
398	510
399	455
400	527
401	385
402	448
403	486
404	463
405	437
406	423
407	366
408	419
409	298
410	387
411	376
412	431
413	293
414	354
415	448
416	342
417	336
418	373
419	276
420	385
421	340
422	286
423	259
424	298
425	287
426	222
427	197
428	286
429	154
430	280
431	272
432	297
433	241
434	150
435	178
436	297
437	242
438	261
439	296
440	252
441	259
442	219
443	297
444	283
445	255
446	168
447	231
448	218
449	263
450	242
451	245
452	137
453	223
454	118
455	143
456	127
457	174
458	139
459	120
460	190
461	223
462	174
463	283
464	149
465	101
466	129
467	148
468	138
469	112
470	87
471	111
472	111
473	82
474	90
475	77
476	104
477	109
478	130
479	128
480	62
481	148
482	144
483	52
484	115
485	73
486	84
487	150
488	133
489	111
490	46
491	79
492	92
493	83
494	88
495	59
496	65
497	115
498	62
499	102
500	44
501	41
502	80
503	48
504	42
505	101
506	80
507	77
508	81
509	55
510	82
511	34
512	56
513	36
514	25
515	85
516	56
517	48
518	45
519	26
520	28
521	29
522	54
523	60
524	69
525	79
526	68
527	106
528	32
529	88
530	28
531	17
532	56
533	68
534	31
535	47
536	54
537	41
538	14
539	41
540	8
541	34
542	46
543	33
544	35
545	17
546	50
547	27
548	18
549	29
550	49
551	55
552	56
553	15
554	27
555	22
556	15
557	39
558	15
559	3
560	50
561	18
562	6
563	18
564	53
565	26
566	30
567	21
568	17
569	10
570	15
571	24
572	9
573	27
574	9
575	6
576	20
577	7
578	2
579	14
580	27
581	11
582	24
583	15
584	1
585	29
586	2
587	20
588	29
589	21
590	13
591	12
592	2
593	7
594	17
595	11
596	24
597	14
598	2
599	21
600	4
601	6
602	3
603	9
604	13
606	5
607	5
608	3
609	2
610	6
611	13
612	5
614	14
615	2
617	3
619	8
620	13
621	9
622	5
623	2
624	2
625	14
627	23
629	7
630	9
632	5
634	7
636	12
637	11
639	7
640	8
641	5
643	15
644	13
646	4
647	5
648	2
650	10
653	11
657	8
658	3
660	1
661	2
663	2
666	1
668	3
669	3
670	2
671	8
672	10
674	8
678	7
679	1
680	8
681	2
685	3
687	1
690	7
692	10
697	4
699	2
703	6
709	7
714	9
716	9
719	4
721	2
726	10
729	1
734	1
735	1
738	2
746	5
768	3
772	2
784	1
817	7
824	5
828	3
863	7
906	2
978	16
991	13
1007	17
1065	7
1087	10
1092	13
1108	14
1111	17
1116	7
1129	6
1138	9
1292	5
27257	1
33277	1
60018	1
95889	1
112516	1
112548	1
113162	6
113163	1
113164	6
113165	1
113168	2
113350	1
113354	3
113355	2
113357	3
113358	3
113359	3
113360	1
113974	1
113980	1
114006	2
145262	1
150799	1
167559	1
169926	1
171506	1
173494	1
177858	3
185435	1
186938	1
226424	1
237036	1
243708	1
277176	1
298865	1
306761	1
338088	1
364434	1
368347	1
407331	1
413651	1
414143	1
414163	1
419167	1
424290	1
446608	1
491280	1
493269	1
500550	1
503679	1
515595	5
531269	1
537405	1
540290	1
541212	1
579407	1
580238	1
628855	2
639789	1
669365	1
696043	1
698772	1
703482	1
703486	1
711441	1
713108	1
714909	1
716624	1
721245	1
722076	1
748228	1
770629	1
771688	1
773716	1
773779	1
778058	1
795576	1
805314	1
814140	1
819460	1
834022	1
841954	1
878620	1
897551	1
900681	1
902988	1
903386	1
907546	1
914439	1
927895	1
936306	1
949189	1
999256	1
1004725	1
1006866	1
1011796	1
1013292	1
1016152	1
1032268	1
1039577	1
1040979	1
1052262	1
1073140	1
1080470	1
1108807	1
1123042	1
1123471	1
1166082	1
1169372	1
1171872	1
1203574	1
1206545	1
1214024	1
1217369	1
1237679	1
1258915	1
1281527	1
1290641	1
1295734	1
1310644	1
1321207	1
1321498	1
1321854	1
1341097	1
1351351	1
1400409	1
1413751	1
1413842	1
1418187	1
1451389	1
1459968	1
1466533	1
1487968	1
1529372	1
1543299	1
1556864	1
1565905	1
1567853	1
1569055	1
1575647	1
1593416	1
1595910	1
1595955	1
1596645	1
1596818	2
1598096	4
1601854	1
1611528	1
1613046	1
1626804	1
1629632	1
1642695	1
1654663	1
1654740	1
1675739	1
1677733	1
1678143	1
1697823	1
1714200	1
1731877	1
1735445	1
1737870	1
1740814	1
1765779	1
1770612	1
1819510	1
1819725	1
1819958	1
1829901	1
1847696	1
1848752	1
1862247	1
1864130	1
1867356	1
1871401	1
1884786	1
1892997	1
1901648	1
1901857	1
1915476	1
1925118	1
1929885	1
1932262	1
1933969	11
1935584	1
1939064	1
1949165	1
1972883	1
1988292	1
1992277	1
2015113	1
2015195	4
2015215	1
2021891	1
2032921	1
2042139	1
2043791	1
2095366	1
2101029	1
2102812	1
2134238	1
2153994	1
2156835	1
2176501	1
2178359	1
2204267	1
2215458	1
2217078	1
2228127	1
2234224	1
2238506	1
2239700	1
2242098	1
2283281	1
2286336	1
2287609	1
2313558	1
2325539	1
2328102	1
2328525	1
2361305	1
2375752	1
2377996	1
2384408	1
2419756	1
2433858	1
2438948	1
2460375	1
2463551	1
2469712	1
2473656	1
2478778	1
2494675	1
2498576	1
2500204	1
2500351	1
2511581	1
2537031	1
2538460	1
2563389	1
2596039	1
2610613	1
2619202	1
2627372	1
2676954	1
2679925	1
2694420	1
2702219	1
2703656	1
2714340	1
2748208	1
2759374	1
2770094	1
2780531	1
2780862	1
2791593	1
2811233	1
2821317	1
2821682	1
2838673	1
2872923	1
2873659	1
2874864	1
2881432	1
2889843	1
2945566	3
2945571	3
2962931	1
2965361	1
2979614	1
2991692	6
2999698	1
3010868	1
3024616	1
3040924	1
3076358	1
3081759	1
3108318	1
3116694	1
3130328	1
3139906	2
3139973	2
3140683	1
3170003	1
3171512	1
3181265	1
3206554	1
3237958	1
3257127	1
3261438	1
3261779	1
3291190	1
3306244	1
3307762	1
3312144	1
3319210	1
3322526	1
3323408	3
3323638	1
3346511	1
3350345	1
3366500	1
3368160	1
3375010	1
3383633	1
3402982	1
3408202	1
3416959	1
3433153	1
3454570	1
3463576	1
3474568	1
3487793	1
3490536	1
3505555	1
3558184	1
3564943	1
3583202	1
3657517	1
3718745	1
3739299	1
3756814	1
3758214	1
3763464	1
3799310	1
3808517	1
3872970	1
3885900	1
3891735	1
3891817	4
3891908	1
3934503	1
3934507	1
4066401	1
4136951	1
4172085	1
4212506	1
4227929	1
4261648	1
4264983	1
4421454	3
4428672	1
4455441	2
4456055	2
