93	4
94	21
95	22
96	32
97	16
98	25
99	27
100	43
101	118
102	112
103	141
104	81
105	140
106	93
107	152
108	111
109	95
110	145
111	102
112	145
113	138
114	128
115	147
116	141
117	225
118	201
119	225
120	253
121	188
122	246
123	176
124	223
125	217
126	230
127	340
128	247
129	285
130	366
131	246
132	228
133	315
134	360
135	458
136	396
137	514
138	429
139	374
140	375
141	529
142	382
143	546
144	466
145	493
146	419
147	457
148	464
149	468
150	547
151	634
152	642
153	544
154	644
155	608
156	659
157	713
158	756
159	857
160	687
161	761
162	704
163	812
164	732
165	1046
166	1027
167	986
168	878
169	716
170	831
171	1022
172	981
173	1080
174	1026
175	1215
176	1083
177	1072
178	1054
179	961
180	1338
181	1117
182	1245
183	1163
184	1193
185	1249
186	1334
187	1622
188	1478
189	1558
190	1457
191	1604
192	1604
193	1642
194	1597
195	1675
196	1738
197	1809
198	1786
199	2031
200	2007
201	1654
202	1811
203	1814
204	1726
205	1911
206	2215
207	1932
208	1902
209	1698
210	2145
211	2187
212	2238
213	2171
214	2287
215	2267
216	2223
217	2209
218	2418
219	2229
220	2645
221	2469
222	2615
223	2271
224	2348
225	2519
226	2510
227	2327
228	2591
229	2710
230	2405
231	2627
232	2196
233	2687
234	2777
235	2794
236	2635
237	2705
238	2731
239	2841
240	2850
241	2652
242	2763
243	2414
244	2858
245	2752
246	2877
247	2961
248	2892
249	2880
250	2433
251	2603
252	2759
253	2593
254	2734
255	2525
256	3032
257	2944
258	2863
259	2765
260	2557
261	3080
262	3109
263	2932
264	2298
265	2679
266	2666
267	2618
268	3043
269	2971
270	2910
271	2690
272	2877
273	3292
274	2564
275	2732
276	2729
277	2792
278	2787
279	2806
280	2770
281	2801
282	2632
283	2847
284	2717
285	2870
286	2612
287	2811
288	2504
289	2182
290	2238
291	2236
292	2460
293	2415
294	2274
295	2294
296	2377
297	2579
298	2465
299	3471
300	3358
301	2482
302	2131
303	2063
304	1983
305	2041
306	2163
307	1732
308	2275
309	1849
310	1948
311	1732
312	1975
313	1896
314	2371
315	1795
316	1957
317	1729
318	1871
319	1717
320	1615
321	1495
322	1661
323	1680
324	1674
325	1473
326	1507
327	1452
328	1536
329	1499
330	1316
331	1687
332	1378
333	1615
334	1499
335	1345
336	1596
337	1234
338	1364
339	1487
340	1288
341	1486
342	1267
343	1362
344	1271
345	1041
346	1255
347	1235
348	1137
349	1357
350	1165
351	1208
352	1267
353	1023
354	949
355	1030
356	1075
357	765
358	1016
359	921
360	915
361	1063
362	1133
363	983
364	944
365	941
366	858
367	948
368	814
369	977
370	708
371	751
372	816
373	891
374	869
375	831
376	887
377	712
378	754
379	885
380	612
381	760
382	632
383	695
384	713
385	747
386	617
387	651
388	742
389	492
390	590
391	563
392	716
393	472
394	704
395	568
396	493
397	552
398	336
399	598
400	485
401	507
402	458
403	553
404	333
405	536
406	549
407	407
408	523
409	371
410	356
411	349
412	321
413	403
414	382
415	504
416	466
417	370
418	460
419	376
420	374
421	479
422	405
423	261
424	399
425	341
426	345
427	391
428	427
429	188
430	372
431	247
432	317
433	391
434	303
435	218
436	254
437	226
438	232
439	273
440	289
441	145
442	184
443	269
444	207
445	261
446	230
447	172
448	255
449	230
450	229
451	279
452	207
453	210
454	251
455	187
456	134
457	104
458	204
459	134
460	255
461	143
462	202
463	193
464	127
465	117
466	93
467	154
468	134
469	121
470	58
471	166
472	154
473	133
474	150
475	93
476	130
477	126
478	92
479	160
480	74
481	78
482	120
483	70
484	108
485	90
486	56
487	98
488	130
489	98
490	122
491	76
492	112
493	64
494	58
495	111
496	85
497	75
498	67
499	113
500	75
501	100
502	80
503	112
504	112
505	50
506	81
507	105
508	49
509	66
510	43
511	97
512	54
513	21
514	94
515	75
516	62
517	32
518	103
519	109
520	46
521	52
522	73
523	67
524	45
525	65
526	39
527	39
528	49
529	57
530	29
531	78
532	28
533	20
534	54
535	50
536	34
537	60
538	43
539	20
540	31
541	41
542	9
543	20
544	29
545	26
546	32
547	16
548	31
549	26
550	28
551	22
552	14
553	18
554	18
555	46
556	18
557	18
558	22
559	48
560	35
561	24
562	34
563	21
564	5
565	7
566	27
567	20
568	18
569	22
570	1
571	13
572	18
573	15
574	5
575	38
577	5
578	11
579	12
580	17
581	6
582	20
583	3
584	21
585	21
586	29
587	26
588	30
589	27
590	24
591	16
592	16
593	32
594	10
595	8
596	3
597	22
598	18
599	15
601	5
602	13
603	5
604	6
606	6
607	7
608	7
609	8
610	13
611	11
612	5
614	10
615	2
617	16
618	16
619	12
620	24
621	14
622	4
623	1
624	10
625	9
626	12
627	5
628	6
630	12
631	6
632	3
634	9
635	2
636	2
638	17
639	3
640	7
643	10
647	8
649	12
650	2
651	6
655	1
657	5
659	5
660	4
662	2
664	7
665	6
668	7
670	7
671	4
672	7
673	6
674	4
675	3
677	5
678	3
679	4
680	4
681	4
683	2
684	15
686	1
693	3
694	4
696	6
700	3
703	5
706	1
708	1
709	2
710	3
712	1
714	3
720	2
738	2
763	4
787	1
792	5
804	1
816	1
850	1
958	13
983	27
987	2
999	20
1011	9
1031	14
1042	8
1057	13
1058	11
1059	6
1069	13
1076	13
1078	23
1079	13
1083	16
1084	8
1086	13
1091	13
1092	8
1106	30
1107	10
1122	7
1129	16
1134	8
1150	7
1154	13
1184	17
1189	13
1196	11
1225	6
1235	11
1243	17
1466	1
39929	1
43023	1
58477	1
69313	1
113161	1
113162	5
113163	16
113164	4
113165	1
113166	4
113167	1
113169	1
113170	2
113334	1
113352	1
113353	2
113355	2
113356	1
113357	6
113358	2
113359	13
113360	3
113980	1
129667	1
151748	2
152257	1
177923	2
186667	5
186669	1
252296	1
333993	1
372547	1
422774	1
472762	1
477858	1
538514	1
568125	11
597968	1
662823	1
675367	1
698810	2
829411	1
881658	1
887682	1
900599	3
984057	1
1004745	1
1039711	1
1049577	1
1075728	1
1083659	3
1095005	1
1133294	2
1177842	1
1183959	1
1237060	1
1237419	1
1260187	13
1316438	1
1318869	1
1318871	2
1366233	1
1420208	1
1420395	1
1443898	1
1460927	1
1475078	1
1482499	1
1494846	1
1497391	1
1500527	1
1508674	1
1556075	1
1571143	1
1572043	1
1589826	1
1595975	1
1602795	1
1605146	1
1628038	1
1656919	1
1677539	1
1677542	1
1692605	1
1712222	1
1730650	1
1730813	1
1742941	1
1742943	1
1751622	1
1755653	1
1821969	1
1825047	1
1835568	1
1849891	1
1888545	1
1893178	1
1915058	2
1971381	1
2007407	1
2015151	1
2027009	1
2028569	1
2058875	1
2109933	1
2122992	1
2125142	1
2154015	1
2183329	1
2187301	1
2206380	1
2220937	1
2221130	1
2221140	1
2237921	1
2239484	1
2255634	1
2296886	1
2299288	1
2328978	1
2331123	1
2359963	1
2367868	1
2372002	1
2385709	1
2405945	1
2434375	1
2453452	5
2456419	1
2459695	1
2467976	1
2471308	1
2522346	1
2524980	1
2526541	3
2528321	1
2532693	1
2544754	1
2566712	11
2585370	1
2599442	1
2616180	1
2618418	2
2619012	2
2622974	1
2671488	13
2673074	1
2679804	1
2680260	1
2701616	1
2704918	1
2715771	1
2716194	1
2718265	1
2719326	1
2767594	1
2770208	1
2770814	3
2771817	1
2830170	1
2832986	1
2839328	1
2862290	1
2934283	1
3009832	1
3020845	1
3031824	1
3061371	1
3062294	2
3068964	1
3092996	1
3111940	1
3149166	1
3193063	1
3193426	1
3234521	1
3236194	1
3245873	1
3263410	1
3271466	1
3308694	1
3320543	1
3320560	1
3321384	1
3322008	1
3323167	1
3354632	1
3359317	1
3363959	1
3367990	6
3368115	8
3384573	1
3393156	1
3396688	1
3410155	1
3456820	1
3464337	1
3525329	1
3531747	1
3657755	1
3667491	1
3779908	1
3789516	1
3819886	1
3839535	1
3840882	1
3859142	1
3878499	1
3901082	1
3901763	1
3934504	1
3954714	1
3958052	1
3961872	1
3964367	1
4020258	1
4045410	1
4049116	1
4066402	1
4066405	1
4066411	1
4066593	1
4066595	1
4066596	1
4083204	1
4107804	1
4107998	1
4108086	1
4316288	1
4456120	2
4488831	1
4517842	1
4685856	5
