15	7
93	4
94	24
95	22
96	13
97	18
98	22
99	32
100	38
101	136
102	155
103	54
104	130
105	98
106	114
107	155
108	126
109	122
110	60
111	101
112	247
113	139
114	182
115	72
116	235
117	151
118	173
119	202
120	217
121	248
122	293
123	258
124	255
125	291
126	248
127	237
128	296
129	251
130	338
131	216
132	233
133	353
134	344
135	261
136	329
137	388
138	376
139	400
140	413
141	416
142	369
143	451
144	391
145	418
146	432
147	444
148	394
149	501
150	606
151	451
152	621
153	391
154	550
155	584
156	583
157	555
158	617
159	773
160	607
161	597
162	653
163	694
164	764
165	732
166	677
167	763
168	917
169	752
170	809
171	910
172	939
173	897
174	800
175	1037
176	926
177	888
178	1166
179	1082
180	1183
181	1159
182	1209
183	1125
184	1219
185	1332
186	1308
187	1174
188	1285
189	1336
190	1406
191	1547
192	1239
193	1840
194	1805
195	1457
196	1453
197	1541
198	1481
199	1502
200	1603
201	1443
202	1709
203	1953
204	1916
205	1662
206	2174
207	1637
208	1827
209	1910
210	1945
211	2273
212	1990
213	1753
214	2200
215	2017
216	2218
217	2210
218	2154
219	2151
220	2219
221	2286
222	2431
223	2196
224	2595
225	2268
226	2296
227	2223
228	2028
229	2225
230	2569
231	2484
232	1922
233	2430
234	2350
235	2248
236	2322
237	2462
238	2516
239	2518
240	2866
241	2414
242	2947
243	2523
244	2389
245	2619
246	2826
247	2389
248	2523
249	2653
250	2481
251	2633
252	2374
253	2406
254	2661
255	2636
256	2509
257	2611
258	2454
259	2384
260	2318
261	2741
262	2426
263	2847
264	2704
265	2341
266	2685
267	2820
268	2674
269	2639
270	2596
271	2967
272	2914
273	2585
274	2479
275	2500
276	2727
277	2541
278	2179
279	2558
280	2712
281	2454
282	2545
283	2609
284	2638
285	2311
286	2215
287	1905
288	2572
289	2230
290	2693
291	2437
292	2518
293	2395
294	2029
295	1882
296	2163
297	2216
298	2299
299	2247
300	2252
301	2424
302	2465
303	2218
304	1919
305	1876
306	2099
307	2312
308	2027
309	2246
310	1994
311	1871
312	2108
313	1849
314	2101
315	2018
316	2157
317	2228
318	1965
319	1749
320	1771
321	1673
322	1953
323	1731
324	1660
325	1445
326	2036
327	1608
328	1793
329	1756
330	2137
331	1615
332	1664
333	1675
334	1707
335	1462
336	1572
337	1563
338	1606
339	1460
340	1485
341	1584
342	1355
343	1187
344	1365
345	1306
346	1545
347	1184
348	1342
349	1333
350	1233
351	1175
352	1188
353	1138
354	1025
355	1222
356	1236
357	1078
358	1128
359	953
360	1300
361	1256
362	1139
363	946
364	1086
365	1058
366	855
367	929
368	793
369	1066
370	893
371	858
372	926
373	856
374	845
375	661
376	714
377	773
378	917
379	880
380	879
381	799
382	810
383	768
384	614
385	756
386	736
387	658
388	783
389	710
390	782
391	674
392	687
393	864
394	630
395	722
396	535
397	684
398	696
399	651
400	634
401	722
402	549
403	599
404	529
405	444
406	592
407	499
408	507
409	580
410	542
411	423
412	465
413	564
414	532
415	572
416	438
417	468
418	429
419	345
420	498
421	358
422	356
423	291
424	396
425	375
426	361
427	366
428	338
429	406
430	341
431	371
432	258
433	371
434	316
435	244
436	386
437	238
438	381
439	166
440	302
441	282
442	305
443	298
444	303
445	403
446	219
447	284
448	328
449	159
450	293
451	240
452	181
453	309
454	275
455	163
456	263
457	226
458	178
459	225
460	198
461	257
462	254
463	255
464	166
465	186
466	176
467	183
468	239
469	225
470	186
471	232
472	150
473	188
474	189
475	260
476	198
477	182
478	156
479	144
480	151
481	148
482	160
483	86
484	117
485	171
486	101
487	100
488	106
489	97
490	126
491	131
492	109
493	126
494	102
495	157
496	92
497	127
498	160
499	144
500	174
501	121
502	118
503	72
504	111
505	26
506	107
507	118
508	72
509	64
510	64
511	93
512	59
513	55
514	103
515	62
516	160
517	48
518	99
519	50
520	95
521	58
522	31
523	98
524	63
525	49
526	105
527	67
528	53
529	5
530	81
531	78
532	85
533	73
534	84
535	62
536	102
537	73
538	50
539	37
540	51
541	41
542	55
543	30
544	40
545	22
546	30
547	51
548	34
549	22
550	21
551	43
552	48
553	29
554	44
555	35
556	13
557	19
558	20
559	34
560	41
561	19
562	45
563	12
564	19
566	38
567	42
568	28
569	23
570	20
571	17
572	54
573	15
574	42
575	42
576	40
577	17
578	4
579	14
580	13
581	19
582	23
583	25
584	11
585	30
586	10
587	29
588	33
589	23
590	23
591	27
592	22
593	46
594	11
595	15
597	17
598	21
599	34
600	23
602	1
603	15
604	6
605	13
606	11
607	23
608	10
609	8
610	2
611	20
612	2
613	5
614	16
615	9
616	14
617	5
618	9
619	6
620	34
621	12
622	40
623	12
625	5
626	18
628	6
629	2
630	15
631	5
632	12
633	7
634	25
635	30
636	8
638	5
640	13
641	9
642	4
643	10
644	3
646	17
648	10
649	4
650	4
652	17
653	3
655	16
656	16
658	5
660	3
661	5
662	11
663	4
664	5
665	3
669	15
670	1
671	1
672	1
674	1
675	9
676	7
677	3
680	1
681	2
682	6
685	4
687	3
689	4
690	3
691	3
692	5
694	1
695	3
698	2
699	1
700	6
705	3
706	1
707	1
712	2
713	10
717	2
723	1
726	1
727	1
728	8
734	4
736	3
740	4
748	1
756	3
758	1
768	1
775	3
777	2
790	1
804	1
806	1
816	11
821	4
822	5
836	5
868	3
896	4
11998	1
53471	1
85083	1
100537	1
112494	1
112522	1
112563	1
112895	1
113161	1
113162	4
113163	2
113164	4
113165	4
113166	1
113167	2
113169	3
113354	1
113355	1
113357	1
113358	1
113360	1
113361	1
113564	1
113587	4
113591	1
113810	1
113977	2
114000	1
114008	1
114064	1
126296	1
139902	1
149611	1
150751	1
152185	1
152274	2
152301	1
152400	2
152804	1
177328	1
177389	1
177900	2
177950	2
178067	1
226725	1
226847	1
226940	1
227070	1
234838	1
270929	1
290890	1
329945	1
339985	2
340084	1
340330	1
369456	1
397722	1
409333	1
419810	8
420112	1
442280	1
463687	1
533070	5
598866	1
687474	1
697602	1
698790	1
698795	1
698972	1
700023	1
700107	3
810243	1
825527	1
829371	1
845186	1
850185	1
883993	1
904219	1
984804	1
1004150	3
1004211	2
1004520	1
1004645	1
1004772	1
1011930	1
1029371	1
1084560	1
1084822	1
1122863	1
1122934	1
1123355	1
1141466	1
1281229	1
1306858	1
1315617	1
1320584	1
1343341	1
1413680	1
1413687	1
1413888	1
1415004	2
1548506	1
1563927	1
1581097	1
1595750	1
1595875	2
1595952	1
1596002	1
1596656	1
1596845	1
1597919	3
1597980	1
1612038	1
1650062	1
1667423	2
1667522	1
1667549	2
1667768	1
1672477	1
1698104	1
1722556	1
1755609	1
1755632	1
1769970	1
1791100	3
1791222	3
1791315	1
1791445	2
1794395	1
1809888	1
1831237	1
1840023	1
1846717	1
1868464	1
1892543	1
1893095	1
1908299	1
1916161	1
1925586	1
1944332	1
1964498	1
1978248	1
1978347	4
1978370	2
1978463	1
1985896	1
1991785	1
1993037	4
2014003	1
2015131	1
2015136	2
2015313	1
2016387	1
2025373	1
2025532	1
2026857	1
2032666	1
2034398	1
2051022	1
2099666	1
2136590	1
2171739	1
2196834	1
2202643	1
2219739	1
2219883	1
2261320	1
2267301	1
2274077	1
2277730	1
2322241	1
2331007	1
2361690	1
2373393	1
2438361	1
2451718	1
2468566	1
2486587	1
2499575	1
2520419	1
2551595	1
2561787	1
2563009	1
2573492	1
2586962	1
2586965	1
2587830	1
2588279	1
2598546	1
2613402	1
2613804	1
2615862	1
2618402	1
2619818	1
2630528	1
2672782	1
2674417	1
2678122	1
2696772	1
2703545	1
2710819	1
2711008	1
2726050	1
2738345	1
2739238	1
2741057	1
2741844	1
2742444	1
2754461	1
2771715	2
2771786	4
2771792	2
2771977	1
2772207	2
2774078	1
2809677	1
2811548	1
2827009	2
2827216	1
2827501	1
2851114	1
2861112	1
2861124	2
2861301	2
2862352	2
2871072	1
2875167	1
2913614	1
2927669	1
2931407	1
2943043	1
2945244	1
2945411	5
2945612	1
2946667	1
2946728	1
2948273	1
2979148	1
2980088	1
2999462	1
3012017	1
3040437	1
3049467	1
3061642	2
3061764	1
3061987	1
3070790	1
3094674	1
3096728	1
3110306	1
3123354	1
3135534	1
3139376	1
3139437	1
3139746	1
3139856	1
3139948	1
3140115	1
3145221	1
3153670	1
3164842	1
3187424	1
3214136	1
3223092	1
3229364	1
3230820	1
3256830	1
3280450	1
3295464	1
3295560	1
3306033	1
3313570	1
3316979	1
3335393	1
3341542	1
3345156	1
3348222	1
3348245	1
3367256	5
3369913	1
3371530	1
3373569	1
3373711	1
3386247	1
3408415	1
3424543	1
3435163	1
3435578	1
3440915	1
3442317	1
3449598	1
3451049	1
3457526	1
3460454	1
3473839	1
3484225	1
3489024	1
3520102	1
3527319	1
3554513	1
3555753	1
3562154	1
3570603	1
3579784	1
3600539	1
3683173	1
3689719	1
3718056	1
3729373	1
3731448	1
3754510	1
3758226	1
3777916	1
3782503	1
3795020	1
3840884	1
3871871	1
3891746	1
3891753	1
3891758	1
3892986	1
3893009	1
3893070	1
3914444	1
3934502	1
3934698	2
3937520	1
3976381	1
4008641	1
4022838	1
4034199	10
4066596	1
4107803	1
4107995	1
4107997	2
4129781	1
4204512	1
4356790	1
4415669	1
4455369	8
4455525	2
4456005	1
4456020	2
4456147	2
