93	10
94	13
95	14
96	12
97	33
98	53
99	24
100	39
101	86
102	118
103	86
104	98
105	148
106	143
107	155
108	166
109	224
110	173
111	221
112	283
113	173
114	221
115	213
116	200
117	250
118	313
119	187
120	213
121	271
122	270
123	272
124	237
125	339
126	330
127	274
128	266
129	324
130	351
131	395
132	296
133	373
134	428
135	422
136	519
137	531
138	480
139	366
140	442
141	548
142	583
143	492
144	618
145	550
146	503
147	543
148	679
149	723
150	551
151	780
152	509
153	638
154	504
155	716
156	1017
157	912
158	824
159	804
160	833
161	895
162	983
163	1030
164	967
165	833
166	869
167	933
168	1102
169	994
170	1054
171	1157
172	1102
173	1152
174	1137
175	1133
176	903
177	1267
178	1397
179	1499
180	1275
181	1289
182	1251
183	1364
184	1403
185	1388
186	1637
187	1974
188	1538
189	1350
190	1272
191	1599
192	2059
193	1842
194	1734
195	1498
196	1814
197	2292
198	2138
199	1954
200	2244
201	2013
202	1939
203	2168
204	2111
205	2218
206	2259
207	1998
208	2203
209	2035
210	2040
211	1978
212	2364
213	2610
214	2444
215	2339
216	2185
217	2331
218	2294
219	2284
220	2666
221	2793
222	2576
223	2528
224	2384
225	2246
226	2858
227	2680
228	2552
229	2817
230	2450
231	2721
232	2606
233	2448
234	2636
235	2576
236	2657
237	2487
238	2748
239	2427
240	2659
241	2991
242	2407
243	2625
244	2542
245	2714
246	2789
247	2446
248	2838
249	2476
250	2766
251	2762
252	2605
253	2354
254	2672
255	2824
256	2979
257	2714
258	2526
259	2903
260	2564
261	2734
262	2589
263	3067
264	3047
265	2521
266	3093
267	2899
268	2896
269	2957
270	3018
271	3080
272	2661
273	2999
274	2504
275	2484
276	2399
277	2860
278	2553
279	2456
280	2693
281	2698
282	2555
283	2287
284	2272
285	2464
286	2165
287	2156
288	2332
289	2374
290	2399
291	2220
292	2268
293	2254
294	2413
295	2218
296	2560
297	2545
298	2335
299	1941
300	2071
301	2084
302	1900
303	1944
304	1784
305	1994
306	1926
307	1808
308	1486
309	1802
310	1955
311	2091
312	1875
313	1874
314	1708
315	1878
316	1691
317	1853
318	1732
319	1561
320	1730
321	1579
322	1582
323	1620
324	1889
325	1325
326	1502
327	1712
328	1577
329	1499
330	1719
331	1411
332	1288
333	1575
334	1351
335	1564
336	1506
337	1427
338	1442
339	1086
340	1254
341	1158
342	1258
343	1204
344	1373
345	1322
346	1251
347	1157
348	1257
349	1342
350	997
351	1048
352	1068
353	882
354	1196
355	1022
356	1058
357	1055
358	925
359	971
360	817
361	1003
362	1027
363	1050
364	1051
365	868
366	770
367	928
368	764
369	806
370	1023
371	891
372	777
373	958
374	851
375	741
376	695
377	857
378	741
379	647
380	694
381	728
382	598
383	636
384	605
385	534
386	724
387	648
388	654
389	620
390	611
391	644
392	607
393	554
394	500
395	585
396	505
397	478
398	501
399	637
400	425
401	461
402	448
403	436
404	451
405	535
406	481
407	552
408	486
409	435
410	459
411	388
412	421
413	409
414	303
415	315
416	418
417	498
418	335
419	372
420	399
421	277
422	331
423	310
424	319
425	263
426	342
427	299
428	301
429	393
430	273
431	266
432	273
433	332
434	230
435	220
436	170
437	249
438	252
439	274
440	185
441	212
442	229
443	206
444	266
445	319
446	217
447	273
448	182
449	181
450	217
451	159
452	143
453	209
454	124
455	201
456	146
457	148
458	124
459	173
460	171
461	145
462	150
463	102
464	201
465	174
466	198
467	187
468	136
469	118
470	142
471	173
472	131
473	144
474	140
475	130
476	109
477	79
478	87
479	160
480	222
481	129
482	153
483	86
484	73
485	101
486	81
487	73
488	62
489	79
490	86
491	107
492	99
493	139
494	56
495	85
496	33
497	74
498	69
499	56
500	90
501	49
502	102
503	32
504	10
505	92
506	65
507	65
508	67
509	69
510	37
511	65
512	90
513	49
514	53
515	20
516	67
517	32
518	89
519	96
520	49
521	47
522	43
523	73
524	44
525	46
526	47
527	1
528	74
529	72
530	72
531	27
532	53
533	89
534	46
535	54
536	43
537	30
538	26
539	27
540	35
541	33
542	49
543	13
544	61
545	34
546	46
547	25
548	27
549	55
550	27
551	10
552	37
553	14
554	9
555	6
556	20
557	30
558	14
559	13
560	24
561	24
562	42
563	23
564	26
565	17
566	15
567	5
568	15
569	24
570	9
571	24
572	15
573	21
574	21
575	10
576	5
577	16
578	38
579	4
580	7
581	12
583	20
584	27
585	14
586	1
587	11
588	21
589	16
590	3
591	18
592	11
593	7
594	10
595	17
596	14
597	8
598	11
599	2
600	1
601	18
602	5
603	5
604	12
606	4
607	5
608	19
609	8
610	11
611	13
612	8
613	5
614	5
616	7
618	9
619	8
620	5
621	2
622	2
624	11
625	7
628	3
629	4
630	11
632	4
633	8
635	6
636	8
638	5
639	17
640	10
642	1
644	9
645	6
646	2
647	6
648	4
649	1
650	3
651	13
652	11
654	13
655	4
659	1
662	7
663	12
665	6
666	1
667	5
668	3
669	5
671	4
672	4
673	4
679	2
682	10
683	5
684	2
686	2
687	3
691	3
692	2
695	3
696	5
697	3
703	5
705	4
711	1
715	2
716	3
718	2
719	1
721	3
722	4
726	4
729	1
731	1
732	1
735	1
740	3
745	3
772	4
779	5
800	2
816	1
845	1
863	5
869	5
2860	1
18617	1
42110	1
64631	1
93301	8
93696	1
113161	2
113162	3
113163	2
113164	1
113165	2
113166	1
113170	1
113172	1
113352	1
113356	3
113357	3
113358	4
113359	1
113360	12
113361	1
115651	1
132664	1
143909	1
177888	1
177955	1
177975	2
178040	1
206561	5
219601	1
220220	1
282394	1
306457	1
321629	1
371398	1
371585	1
377904	1
436093	1
500832	1
513241	1
534966	1
610807	1
689459	1
698857	1
698914	1
741253	1
753025	1
780547	1
796445	1
809511	1
841528	1
846670	1
850773	1
857142	1
864329	1
986120	1
1004777	1
1004862	1
1059114	1
1084419	1
1122953	1
1182352	1
1187321	1
1198874	1
1201726	1
1233104	1
1252610	1
1280699	1
1287991	1
1305378	1
1362702	1
1413561	2
1459113	1
1495137	1
1554053	1
1560790	1
1586319	1
1595920	1
1595940	1
1596027	3
1596638	1
1596696	1
1607850	1
1642140	1
1661551	1
1667530	1
1683671	1
1717386	1
1719298	1
1723094	1
1751623	1
1754317	1
1755617	1
1774210	1
1791207	1
1819727	1
1821359	2
1860398	1
1873623	1
1877033	1
1895834	1
1914450	1
1936709	1
1954421	1
1978355	1
1990825	1
2015005	1
2015198	1
2057403	1
2099479	1
2130741	1
2258050	1
2260858	1
2291370	1
2306238	1
2353744	1
2393802	1
2394613	1
2422549	1
2450728	1
2451398	1
2457178	1
2467374	1
2544400	1
2546385	1
2549084	1
2558637	1
2575532	1
2588770	1
2597314	1
2610838	1
2613195	1
2614934	1
2619015	1
2619938	1
2620315	1
2621948	1
2621991	1
2632052	1
2646411	1
2659307	1
2669311	1
2669704	1
2671022	1
2672818	1
2688896	1
2713795	1
2735753	1
2735907	1
2741847	1
2742327	2
2742331	2
2742464	1
2742489	2
2749840	1
2753079	1
2768606	1
2774694	1
2779812	1
2794320	1
2818075	1
2827099	1
2829287	1
2831554	1
2843760	1
2843956	1
2857877	1
2895847	1
2926465	1
2941973	1
2945285	1
2945386	2
2945535	1
2952084	1
2953898	1
2954369	1
2960099	1
2978714	1
2982351	1
3010601	1
3046649	1
3054982	1
3059079	1
3061749	1
3084568	1
3088663	1
3122013	1
3139053	1
3141812	1
3147968	1
3151034	1
3172661	1
3228265	1
3232783	1
3238384	1
3249900	1
3267124	1
3273345	1
3279854	1
3288678	1
3295949	1
3306919	1
3315681	1
3319587	1
3320661	2
3320774	1
3326737	1
3350157	1
3354261	1
3362919	1
3367224	3
3367250	5
3367334	2
3367639	1
3368170	5
3368361	1
3374370	1
3375123	1
3376675	1
3376709	1
3378568	1
3378900	1
3381519	1
3392086	1
3413129	1
3413465	1
3414221	1
3419442	1
3422622	1
3427278	1
3441481	1
3443420	1
3445877	1
3464215	1
3464798	1
3466563	1
3469906	1
3471093	1
3472710	1
3473740	1
3483337	1
3516236	1
3517332	1
3522396	1
3522973	1
3524355	1
3529626	1
3538986	1
3581193	1
3583805	1
3630243	1
3640618	1
3645672	1
3649156	1
3673544	1
3680017	1
3685142	1
3710523	1
3732431	1
3750958	1
3760160	1
3763998	1
3766964	1
3772619	1
3787930	1
3819954	1
3840689	1
3840691	1
3840781	1
3840880	1
3840973	1
3862728	1
3881009	1
3882889	1
3890588	1
3891165	1
3891627	2
3891728	1
3891820	1
3891877	1
3932528	1
3934502	1
3934506	1
3934507	1
3934692	1
3934698	1
3936241	1
3937459	1
3975957	1
3976856	1
4036994	1
4066409	1
4066595	1
4098286	1
4099205	1
4105133	2
4107897	2
4107996	1
4110759	1
4115290	1
4126188	1
4154052	1
4166038	1
4171131	1
4181816	1
4279986	1
4314683	1
4322232	1
4329473	1
4340636	1
4347655	1
4451102	1
4456172	1
4456237	3
4552894	1
4664564	1
4685743	3
