95	3
96	8
97	2
98	9
99	12
101	74
102	86
103	105
104	124
105	105
106	119
107	169
108	124
109	193
110	201
111	170
112	256
113	173
114	175
115	199
116	283
117	195
118	191
119	249
120	216
121	308
122	171
123	210
124	228
125	236
126	269
127	255
128	271
129	223
130	258
131	233
132	209
133	298
134	359
135	297
136	277
137	256
138	351
139	375
140	334
141	332
142	515
143	344
144	269
145	517
146	460
147	436
148	433
149	525
150	457
151	620
152	546
153	497
154	463
155	571
156	588
157	565
158	573
159	690
160	550
161	618
162	741
163	764
164	667
165	739
166	685
167	581
168	600
169	597
170	790
171	658
172	665
173	808
174	599
175	965
176	952
177	725
178	923
179	799
180	807
181	890
182	969
183	1236
184	1008
185	1090
186	1092
187	1123
188	1067
189	1036
190	1164
191	1128
192	1354
193	1111
194	1211
195	1178
196	1264
197	1217
198	1603
199	1467
200	1410
201	1619
202	1359
203	1547
204	1602
205	1500
206	1828
207	1662
208	1449
209	1634
210	1694
211	1579
212	1792
213	1881
214	1621
215	1707
216	2040
217	2048
218	1853
219	1660
220	1930
221	2012
222	1803
223	2245
224	2334
225	2139
226	2265
227	2191
228	2126
229	2104
230	2250
231	2228
232	2252
233	2100
234	2435
235	2418
236	2092
237	2469
238	2551
239	2428
240	2495
241	2223
242	2512
243	2593
244	2838
245	2541
246	2549
247	2541
248	2458
249	2560
250	3085
251	2450
252	2551
253	2782
254	2634
255	2732
256	2403
257	2664
258	2482
259	2811
260	2549
261	2772
262	2608
263	2596
264	2585
265	2544
266	3189
267	2539
268	2829
269	2414
270	2419
271	2856
272	2727
273	2784
274	2564
275	3033
276	2825
277	2574
278	2956
279	2638
280	2759
281	3097
282	2612
283	2473
284	2472
285	2755
286	2692
287	2448
288	2721
289	2599
290	2343
291	2547
292	2594
293	2620
294	2562
295	2633
296	2876
297	2346
298	2410
299	2467
300	2538
301	2442
302	2541
303	2467
304	2509
305	2551
306	2499
307	2264
308	2585
309	2019
310	2069
311	2543
312	2083
313	2157
314	2071
315	2016
316	1835
317	1983
318	2062
319	2134
320	1994
321	1811
322	1889
323	2266
324	2229
325	1972
326	2002
327	1751
328	1959
329	1874
330	1890
331	2218
332	1593
333	1752
334	1900
335	1894
336	1904
337	1933
338	1776
339	2016
340	1743
341	1614
342	1351
343	1445
344	1618
345	1430
346	1503
347	1545
348	1579
349	1367
350	1356
351	1257
352	1379
353	1471
354	1368
355	1344
356	1350
357	1198
358	1275
359	1273
360	1259
361	1116
362	1167
363	1277
364	1117
365	1003
366	1194
367	1182
368	1031
369	1031
370	1157
371	1049
372	1259
373	1017
374	1020
375	901
376	936
377	1160
378	882
379	1120
380	1120
381	1139
382	983
383	852
384	1111
385	914
386	824
387	785
388	756
389	838
390	890
391	903
392	733
393	893
394	793
395	779
396	781
397	829
398	723
399	739
400	713
401	703
402	583
403	592
404	700
405	423
406	613
407	490
408	643
409	731
410	535
411	756
412	597
413	676
414	454
415	444
416	435
417	569
418	515
419	557
420	483
421	439
422	432
423	426
424	432
425	499
426	410
427	374
428	381
429	368
430	403
431	400
432	312
433	331
434	346
435	437
436	387
437	381
438	436
439	349
440	305
441	458
442	351
443	258
444	260
445	372
446	363
447	438
448	272
449	255
450	243
451	224
452	337
453	288
454	235
455	233
456	281
457	228
458	265
459	268
460	177
461	186
462	192
463	210
464	198
465	239
466	279
467	192
468	165
469	140
470	214
471	178
472	157
473	221
474	145
475	128
476	173
477	144
478	128
479	164
480	200
481	151
482	181
483	80
484	183
485	132
486	152
487	91
488	212
489	148
490	159
491	126
492	193
493	114
494	177
495	78
496	96
497	84
498	204
499	101
500	120
501	121
502	56
503	124
504	132
505	99
506	92
507	114
508	119
509	118
510	126
511	110
512	117
513	58
514	110
515	132
516	68
517	65
518	97
519	85
520	92
521	84
522	72
523	90
524	120
525	68
526	66
527	77
528	85
529	74
530	64
531	104
532	59
533	71
534	101
535	52
536	64
537	65
538	34
539	77
540	17
541	50
542	21
543	41
544	51
545	53
546	18
547	69
548	73
549	40
550	26
551	22
552	43
553	59
554	43
555	28
556	27
557	65
558	51
559	54
560	62
561	28
562	34
563	14
564	16
565	57
566	21
567	46
568	30
569	21
570	20
571	38
572	25
573	28
574	17
575	39
576	35
577	12
578	26
579	10
580	5
581	36
582	35
583	10
584	27
585	17
586	19
587	8
588	37
589	23
590	12
591	7
592	26
593	25
594	19
595	42
596	13
597	24
598	19
599	29
600	20
601	26
602	21
603	16
604	12
605	18
606	22
607	11
608	5
609	9
610	26
611	34
612	16
613	24
614	20
615	23
616	9
617	12
619	7
620	12
621	14
622	7
623	25
624	10
625	2
627	13
628	16
629	27
630	2
631	3
633	11
635	13
636	8
637	12
638	1
639	3
640	11
642	4
643	8
644	13
645	12
646	6
647	8
648	11
649	22
650	6
652	24
653	15
654	2
655	1
656	11
657	15
658	7
660	6
661	4
662	5
664	4
665	6
666	2
667	2
669	7
670	5
671	7
672	5
673	7
674	5
676	6
678	2
680	8
681	4
682	3
683	7
684	7
686	5
687	12
689	5
690	7
692	1
693	6
695	5
697	4
699	5
701	3
702	2
710	3
711	3
712	1
714	8
715	2
722	5
723	2
725	1
727	2
733	3
734	11
735	2
741	4
742	3
743	3
746	1
750	5
751	2
753	4
757	2
762	2
768	2
769	3
779	1
787	7
793	1
798	1
815	6
816	3
819	2
828	1
831	4
843	2
895	2
919	1
925	1
11271	1
15759	1
43834	1
52016	1
53594	1
65530	1
78157	1
84785	1
92085	1
109551	1
110101	1
119995	1
124165	1
150922	1
162405	1
179209	1
193471	1
229660	1
237737	1
240610	1
251586	1
301139	1
306928	1
313197	1
345973	1
352397	1
358389	1
386260	1
406402	1
468639	1
491688	1
521774	1
524544	1
548106	1
550948	1
572311	1
593362	1
602334	1
605967	1
633358	1
637489	1
680963	1
715483	1
726911	1
734703	1
753562	1
766302	1
807981	1
810318	1
812289	1
817873	1
833367	1
835798	1
853897	1
865697	1
883185	1
916426	1
933134	1
937245	1
987910	1
989913	1
992398	1
997107	1
1047864	1
1050882	1
1127511	1
1133139	1
1133314	1
1133320	1
1133328	1
1133329	1
1133383	1
1133485	3
1137104	1
1171007	1
1195320	1
1196050	1
1201929	1
1206852	1
1209780	1
1217152	1
1226697	1
1231971	1
1255589	1
1279192	1
1299386	1
1306211	1
1317907	1
1330975	1
1338579	1
1407790	1
1459518	1
1578049	1
1599202	1
1635828	1
1691053	1
1747764	1
1785450	1
1801303	1
1808617	1
1809590	1
1814520	1
1821543	1
1824121	1
1855369	1
1871102	1
1915002	1
1983208	1
2009652	1
2060984	1
2064221	1
2065158	1
2081996	1
2101853	1
2120836	1
2124295	1
2126075	1
2201151	1
2217634	1
2266595	1
2271287	1
2300579	1
2328617	1
2328709	1
2341700	1
2400557	1
2415168	1
2422532	1
2431003	1
2434631	1
2472476	1
2475789	1
2517846	1
2556122	1
2588577	1
2588771	1
2588773	1
2632386	1
2643776	1
2647131	1
2677394	1
2685336	1
2707058	1
2713400	1
2717203	1
2720271	1
2727602	1
2752328	1
2757574	1
2760443	1
2764080	1
2765185	1
2766088	1
2769389	1
2783630	1
2790129	1
2791426	1
2791978	1
2794793	1
2813780	1
2818150	1
2821460	1
2826955	1
2828115	1
2831584	1
2836715	1
2883805	1
2935421	1
2943763	1
2945044	1
2970990	1
2986000	1
3008435	1
3027094	1
3054268	1
3055659	5
3056174	1
3062388	14
3068038	1
3069243	1
3077995	1
3082711	1
3095485	1
3151930	1
3156705	1
3158555	1
3196676	1
3208405	11
3236722	1
3252063	1
3266879	1
3268537	1
3268811	1
3290359	1
3294605	1
3326240	1
3336414	1
3340897	1
3341715	1
3345051	1
3352327	1
3365446	1
3366744	1
3393247	1
3395460	1
3412599	1
3440109	1
3440471	1
3446298	1
3447621	1
3457020	1
3461844	1
3465654	1
3466606	1
3467538	1
3473027	1
3474199	1
3482485	1
3489359	1
3507868	1
3515494	1
3517811	1
3519525	1
3520816	1
3521491	1
3525117	1
3525608	1
3525902	1
3528240	1
3529488	1
3532390	1
3546726	1
3558422	1
3559258	1
3580095	1
3604066	1
3650206	1
3658911	1
3662321	1
3697326	1
3704828	1
3733980	1
3741314	1
3750066	1
3760339	1
3791253	1
3797131	1
3799634	1
3806902	1
3807952	1
3826807	1
3830989	1
3885994	1
3919118	1
3925988	1
3931997	1
3937754	1
3942063	1
3950890	1
3961759	1
3975559	1
3978072	1
3999481	1
4000533	1
4026887	1
4028157	1
4057965	1
4059156	1
4067342	1
4070492	1
4079303	1
4090349	1
4111074	1
4115568	1
4129686	1
4135246	1
4141834	1
4152023	1
4157849	1
4164795	1
4173320	1
4176086	1
4184572	1
4184856	1
4191525	1
4199295	1
4200198	1
4201192	1
4204909	1
4217089	1
4218319	1
4228051	1
4230973	1
4254523	1
4255740	1
4289626	1
4322176	1
4336364	1
4350719	1
4356471	1
4356478	2
4356500	1
4356537	1
4356568	1
4356571	1
4356602	1
4356707	1
4394623	1
4408272	1
4416967	1
4427949	1
4448668	1
4483937	1
4521642	1
4521783	1
4608924	1
4640705	1
4660570	1
4685729	5
4685761	11
4685795	5
4685817	15
4685845	20
