2	16
93	2
94	6
95	21
96	21
97	2
98	4
99	16
100	22
101	55
102	126
103	75
104	118
105	90
106	78
107	97
108	111
109	91
110	134
111	125
112	281
113	150
114	154
115	123
116	123
117	149
118	127
119	102
120	150
121	148
122	215
123	228
124	235
125	179
126	310
127	206
128	240
129	249
130	265
131	311
132	268
133	221
134	177
135	297
136	275
137	247
138	238
139	278
140	390
141	217
142	333
143	240
144	428
145	504
146	428
147	360
148	358
149	297
150	428
151	485
152	332
153	383
154	512
155	464
156	486
157	492
158	537
159	599
160	484
161	527
162	625
163	512
164	435
165	519
166	583
167	453
168	631
169	738
170	704
171	784
172	680
173	972
174	878
175	1041
176	733
177	903
178	922
179	735
180	851
181	614
182	924
183	883
184	932
185	1000
186	831
187	993
188	864
189	1203
190	1504
191	861
192	1124
193	1084
194	1190
195	1218
196	1522
197	1142
198	1310
199	1411
200	1452
201	1712
202	1588
203	1513
204	1360
205	1562
206	1679
207	1403
208	1727
209	1539
210	1533
211	1960
212	1823
213	1843
214	1777
215	1724
216	1886
217	1965
218	1749
219	1956
220	1736
221	1698
222	1830
223	2119
224	2142
225	2224
226	2033
227	1761
228	2241
229	2295
230	2025
231	2186
232	2265
233	2436
234	2354
235	2408
236	2314
237	2025
238	2406
239	2203
240	2519
241	2703
242	2581
243	2612
244	2669
245	2666
246	2434
247	2630
248	2501
249	2637
250	2481
251	2291
252	2793
253	2838
254	2462
255	2491
256	2480
257	2641
258	2714
259	3171
260	2842
261	2463
262	2661
263	2806
264	2541
265	2713
266	2543
267	2767
268	2640
269	2719
270	2803
271	2563
272	2586
273	3041
274	2579
275	2839
276	2634
277	2450
278	2700
279	2577
280	2541
281	2306
282	2521
283	2513
284	2618
285	2722
286	2469
287	2666
288	2815
289	2898
290	2933
291	2717
292	2426
293	2343
294	2702
295	2440
296	2250
297	2183
298	2272
299	2525
300	2337
301	2729
302	2099
303	2382
304	2332
305	2409
306	2159
307	2654
308	2385
309	2232
310	2112
311	2493
312	2210
313	2321
314	2478
315	2299
316	2173
317	1971
318	2378
319	2054
320	2338
321	1869
322	2168
323	1957
324	1904
325	1866
326	1997
327	1888
328	1870
329	1930
330	1890
331	1992
332	1907
333	1944
334	1564
335	1996
336	1706
337	1564
338	1765
339	1357
340	1511
341	1533
342	1462
343	1430
344	1457
345	1456
346	1279
347	1549
348	1254
349	1542
350	1188
351	1317
352	1380
353	1345
354	1031
355	1466
356	1415
357	1223
358	1315
359	1296
360	1466
361	1286
362	1235
363	1083
364	1103
365	1124
366	1028
367	987
368	1143
369	1271
370	1151
371	1167
372	865
373	883
374	971
375	919
376	989
377	1207
378	876
379	891
380	942
381	995
382	732
383	792
384	977
385	963
386	927
387	775
388	871
389	968
390	774
391	835
392	894
393	763
394	829
395	846
396	660
397	731
398	640
399	672
400	838
401	648
402	668
403	811
404	785
405	685
406	639
407	717
408	738
409	687
410	469
411	566
412	507
413	516
414	476
415	532
416	423
417	567
418	563
419	544
420	628
421	521
422	469
423	543
424	476
425	392
426	412
427	380
428	391
429	495
430	483
431	468
432	358
433	453
434	380
435	405
436	384
437	468
438	446
439	403
440	395
441	322
442	287
443	425
444	422
445	228
446	259
447	336
448	269
449	301
450	316
451	366
452	355
453	325
454	283
455	372
456	196
457	247
458	265
459	261
460	214
461	249
462	226
463	179
464	253
465	314
466	226
467	145
468	160
469	225
470	209
471	268
472	226
473	165
474	148
475	138
476	255
477	210
478	173
479	253
480	146
481	168
482	183
483	215
484	165
485	198
486	138
487	148
488	160
489	189
490	107
491	187
492	122
493	217
494	155
495	126
496	212
497	97
498	149
499	176
500	112
501	131
502	105
503	141
504	94
505	119
506	56
507	75
508	138
509	90
510	55
511	66
512	57
513	86
514	79
515	121
516	56
517	79
518	120
519	112
520	66
521	100
522	45
523	68
524	68
525	89
526	40
527	102
528	54
529	135
530	79
531	44
532	40
533	44
534	82
535	79
536	68
537	64
538	36
539	40
540	54
541	56
542	45
543	76
544	52
545	38
546	41
547	35
548	46
549	107
550	56
551	63
552	78
553	63
554	32
555	56
556	15
557	57
558	60
559	31
560	38
561	18
562	31
563	8
564	29
565	42
566	35
567	42
568	14
569	58
570	38
571	34
572	32
573	23
574	20
575	45
576	31
577	16
578	24
579	25
580	44
581	28
582	27
583	34
584	19
585	5
586	22
587	20
588	51
589	13
590	10
591	13
592	16
593	17
594	37
595	20
596	44
597	11
598	24
599	33
600	12
601	25
602	19
603	10
604	14
605	11
606	14
607	13
608	11
609	6
610	10
612	8
614	4
615	16
616	6
617	7
618	8
619	16
620	11
621	1
622	4
623	13
624	12
625	5
626	8
627	3
628	28
629	14
630	5
631	12
633	5
634	14
635	3
636	9
637	17
638	9
639	8
640	2
641	6
642	10
643	8
645	4
646	4
647	8
648	2
649	4
650	4
651	15
652	15
653	4
654	8
655	13
656	2
658	2
660	16
661	10
662	9
664	11
665	5
666	7
669	1
670	2
671	5
672	7
674	4
675	2
676	1
677	5
678	4
679	7
680	6
681	1
683	4
684	4
685	7
686	10
688	1
689	3
690	1
691	15
692	3
693	4
694	9
701	6
703	10
704	4
708	3
709	3
714	4
715	6
716	2
717	9
725	5
729	4
731	6
735	2
746	5
750	4
751	1
752	3
753	5
754	1
760	1
773	3
799	7
803	2
829	5
841	1
842	2
851	1
891	2
896	3
1004	1
19674	1
27127	1
80861	1
82940	1
86718	1
107274	1
112880	1
161479	1
170089	1
174984	1
177153	2
177189	1
177218	1
177253	2
177319	1
177342	1
177350	1
177355	1
177475	1
177837	1
177903	2
177915	2
178002	2
178029	1
178031	1
191631	1
238010	1
308394	1
417140	1
434511	1
466872	1
514807	1
531269	2
576909	1
580710	1
591142	1
594559	1
601991	1
605143	1
644529	1
645414	1
698630	1
698738	2
698746	2
698761	1
698827	1
698830	2
698838	1
698851	1
698880	2
698908	1
699934	1
699966	1
700029	1
700046	1
700048	1
700058	2
700090	1
700098	1
700104	1
700108	2
700236	1
700290	2
741788	1
781611	7
801429	1
812387	1
852784	1
855222	1
878814	1
899691	1
906775	1
915165	1
938468	1
948679	1
966014	1
973675	1
990105	1
990528	1
1003975	1
1004040	1
1004067	1
1004069	2
1004093	1
1004129	3
1004135	2
1004141	1
1004164	3
1004172	3
1004208	1
1004297	2
1004661	3
1004697	1
1004725	1
1004737	3
1004771	1
1004800	1
1004824	1
1004853	2
1007170	1
1011448	1
1040450	1
1046093	1
1054406	1
1075566	1
1079329	1
1092823	1
1107818	1
1117284	1
1121189	1
1133250	1
1133389	2
1142384	1
1148866	1
1167758	1
1171100	1
1177616	1
1204216	1
1213416	1
1229844	1
1246662	1
1251339	1
1265200	1
1277631	1
1282357	1
1283311	1
1319473	1
1319670	1
1321215	1
1321296	1
1333302	1
1333349	1
1345390	1
1346382	1
1371360	1
1413499	1
1413526	1
1413527	1
1413575	1
1413634	1
1413652	1
1413658	1
1413724	1
1413727	1
1413777	1
1414831	1
1414926	1
1414928	2
1414930	2
1414943	2
1414945	2
1414955	1
1414967	2
1414995	1
1415001	1
1415187	3
1453615	1
1555152	1
1595879	2
1595889	1
1595891	1
1595967	1
1596054	3
1596475	1
1596610	1
1596628	1
1596634	1
1596700	1
1596724	2
1596753	1
1596835	1
1596846	1
1597807	2
1597839	1
1597906	1
1597921	1
1597963	2
1597981	1
1598040	1
1598109	1
1598205	2
1621884	1
1666726	1
1689372	1
1757341	1
1776700	1
1865291	1
1895267	1
2005308	1
2008638	1
2014937	1
2015019	2
2015078	1
2015079	2
2015096	2
2015102	3
2015168	1
2015171	3
2015221	3
2016275	1
2016307	1
2016370	2
2016374	1
2016387	2
2016445	1
2016449	1
2016673	1
2074795	1
2078211	1
2103636	1
2196006	1
2201660	1
2206981	1
2260434	1
2299846	1
2355614	1
2433317	1
2434478	6
2444125	1
2464078	1
2511861	1
2538365	1
2559409	1
2567858	15
2610829	1
2620469	1
2621128	1
2649968	8
2666098	1
2668908	1
2676437	1
2678478	1
2680927	1
2688011	1
2713187	1
2729281	1
2733231	1
2737317	1
2740643	1
2741304	1
2742511	1
2742643	1
2742756	1
2779155	9
2802075	1
2811864	1
2817386	1
2833227	1
2844428	5
2845811	1
2850811	1
2860925	1
2860931	1
2860959	1
2861007	1
2861066	1
2861067	1
2861075	1
2861156	2
2861180	1
2861209	2
2862295	1
2862358	2
2862362	1
2862377	2
2862387	1
2862399	1
2862413	1
2862419	1
2862433	2
2862496	1
2880284	1
2943073	1
2945223	2
2945299	1
2945359	1
2945367	1
2945382	1
2945451	1
2945459	1
2945472	1
2945501	1
2945521	2
2945583	1
2946587	2
2946650	1
2946654	1
2946679	1
2946711	1
2946724	2
2946725	2
2946788	2
2946857	1
2946911	1
2954070	1
2980132	1
3013325	1
3075463	1
3084017	1
3104280	1
3109396	1
3139201	1
3139237	1
3139247	1
3139301	2
3139355	1
3139367	1
3139390	1
3139885	1
3139963	1
3140050	1
3140079	1
3166533	1
3172954	1
3174902	1
3175044	1
3176589	1
3207775	1
3261074	1
3266599	1
3267284	1
3271229	1
3283439	1
3288406	1
3290310	1
3304848	1
3334225	1
3341390	1
3342205	1
3348993	1
3349198	1
3361034	1
3361229	1
3361633	1
3363950	1
3368678	1
3373492	1
3374011	1
3377212	1
3378633	1
3397097	1
3397751	1
3397888	1
3400218	1
3403325	1
3404368	1
3415758	1
3426833	1
3428077	1
3439152	1
3440286	1
3440610	1
3441325	1
3441342	1
3442096	1
3442212	1
3443857	1
3447375	1
3451157	1
3451674	1
3455129	1
3458698	1
3458982	1
3463944	1
3464799	1
3467352	1
3473101	1
3484217	1
3488414	1
3496751	1
3522190	1
3535521	1
3560416	1
3653658	1
3678350	1
3690643	1
3702320	1
3705259	1
3708937	1
3710677	1
3712887	1
3715579	1
3716598	1
3734527	1
3758404	1
3840259	1
3840780	1
3842304	1
3845148	1
3848763	1
3852305	1
3864058	1
3881838	1
3884386	1
3891565	1
3891718	3
3891724	2
3891801	1
3891871	1
3892992	2
3893021	2
3893033	1
3893047	2
3893066	1
3893067	1
3893071	2
3893130	1
3893295	1
3895680	1
3916314	1
3934507	1
3934697	1
3950371	1
3957397	1
3960031	1
3990237	1
3996298	1
4040655	1
4052201	1
4080938	1
4097692	1
4101574	1
4108924	1
4112083	1
4116564	1
4118165	1
4121972	1
4169797	1
4170743	1
4174176	1
4175376	1
4180466	1
4181459	1
4197803	1
4239678	1
4245048	1
4294613	1
4356674	5
4367325	1
4372706	1
4407234	1
4455386	2
4455396	1
4455415	1
4455450	1
4455468	1
4455469	1
4455504	2
4455510	1
4455539	1
4455552	1
4455648	1
4455974	1
4456024	1
4456036	1
4456072	1
4456192	1
4456226	1
4456228	1
4458291	1
4463530	1
4463725	1
4483331	1
4499895	1
4514216	1
4591329	1
4643621	1
4685692	9
4685801	11
