>EMYpro_1 1 35.000 40.000 5.000 20.000
>EMYpro_1 2 45.000 50.000 0.000 5.000
>EMYpro_1 3 35.000 50.000 15.000 0.000
>EMYpro_1 4 25.000 35.000 30.000 10.000
>EMYpro_1 5 15.000 40.000 25.000 20.000
>EMYpro_1 6 10.000 35.000 40.000 15.000
>EMYpro_1 7 25.000 35.000 30.000 10.000
>EMYpro_1 8 25.000 50.000 0.000 25.000
>EMYpro_1 9 25.000 40.000 5.000 30.000
>EMYpro_1 10 35.000 35.000 20.000 10.000
>EMYpro_1 11 25.000 25.000 30.000 20.000
>EMYpro_1 12 25.000 15.000 25.000 35.000
>EMYpro_1 13 30.000 35.000 20.000 15.000
>EMYpro_1 14 30.000 35.000 25.000 10.000
>EMYpro_1 15 25.000 35.000 20.000 20.000
>EMYpro_1 16 15.000 50.000 20.000 15.000
>EMYpro_1 17 20.000 30.000 35.000 15.000
>EMYpro_1 18 35.000 30.000 25.000 10.000
>EMYpro_1 19 35.000 45.000 5.000 15.000
>EMYpro_1 20 30.000 30.000 10.000 30.000
>EMYpro_1 21 30.000 35.000 15.000 20.000
>EMYpro_1 22 35.000 55.000 5.000 5.000
>EMYpro_1 23 25.000 45.000 10.000 20.000
>EMYpro_1 24 20.000 40.000 15.000 25.000
>EMYpro_1 25 40.000 50.000 5.000 5.000
>EMYpro_1 26 45.000 50.000 0.000 5.000
>EMYpro_1 27 40.000 50.000 5.000 5.000
>EMYpro_1 28 30.000 45.000 20.000 5.000
>EMYpro_1 29 30.000 50.000 15.000 5.000
>EMYpro_1 30 35.000 55.000 5.000 5.000
>EMYpro_1 31 35.000 30.000 20.000 15.000
>EMYpro_1 32 30.000 30.000 20.000 20.000
>EMYpro_1 33 25.000 50.000 15.000 10.000
>EMYpro_1 34 25.000 35.000 15.000 25.000
>EMYpro_1 35 35.000 30.000 10.000 25.000
>EMYpro_1 36 40.000 35.000 20.000 5.000
>EMYpro_1 37 35.000 30.000 20.000 15.000
>EMYpro_1 38 40.000 20.000 25.000 15.000
>EMYpro_1 39 35.000 35.000 25.000 5.000
>EMYpro_1 40 25.000 65.000 10.000 0.000
>EMYpro_1 41 20.000 35.000 40.000 5.000
>EMYpro_1 42 25.000 15.000 35.000 25.000
>EMYpro_1 43 40.000 25.000 10.000 25.000
>EMYpro_1 44 50.000 30.000 15.000 5.000
>EMYpro_1 45 60.000 20.000 10.000 10.000
>EMYpro_2 1 5.000 65.000 15.000 15.000
>EMYpro_2 2 5.000 90.000 5.000 0.000
>EMYpro_2 3 20.000 50.000 20.000 10.000
>EMYpro_2 4 20.000 25.000 30.000 25.000
>EMYpro_2 5 25.000 30.000 25.000 20.000
>EMYpro_2 6 40.000 15.000 30.000 15.000
>EMYpro_2 7 40.000 10.000 25.000 25.000
>EMYpro_2 8 45.000 5.000 20.000 30.000
>EMYpro_2 9 30.000 20.000 30.000 20.000
>EMYpro_2 10 15.000 40.000 35.000 10.000
>EMYpro_2 11 30.000 40.000 15.000 15.000
>EMYpro_2 12 40.000 30.000 5.000 25.000
>EMYpro_2 13 20.000 40.000 25.000 15.000
>EMYpro_2 14 5.000 45.000 40.000 10.000
>EMYpro_2 15 30.000 25.000 35.000 10.000
>EMYpro_2 16 45.000 35.000 15.000 5.000
>EMYpro_2 17 30.000 25.000 25.000 20.000
>EMYpro_2 18 20.000 35.000 25.000 20.000
>EMYpro_2 19 15.000 75.000 5.000 5.000
>EMYpro_2 20 15.000 65.000 10.000 10.000
>EMYpro_2 21 25.000 45.000 10.000 20.000
>EMYpro_2 22 35.000 50.000 5.000 10.000
>EMYpro_2 23 25.000 60.000 0.000 15.000
>EMYpro_2 24 25.000 40.000 5.000 30.000
>EMYpro_2 25 20.000 45.000 15.000 20.000
>EMYpro_2 26 5.000 70.000 15.000 10.000
>EMYpro_2 27 15.000 45.000 15.000 25.000
>EMYpro_2 28 20.000 30.000 20.000 30.000
>EMYpro_2 29 45.000 25.000 20.000 10.000
>EMYpro_2 30 45.000 15.000 40.000 0.000
>EMYpro_2 31 30.000 25.000 40.000 5.000
>EMYpro_2 32 35.000 35.000 10.000 20.000
>EMYpro_2 33 25.000 35.000 20.000 20.000
>EMYpro_2 34 35.000 25.000 25.000 15.000
>EMYpro_2 35 30.000 45.000 10.000 15.000
>EMYpro_2 36 25.000 60.000 10.000 5.000
>EMYpro_2 37 35.000 45.000 10.000 10.000
>EMYpro_2 38 40.000 25.000 20.000 15.000
>EMYpro_2 39 40.000 20.000 30.000 10.000
>EMYpro_2 40 35.000 20.000 25.000 20.000
>EMYpro_2 41 50.000 25.000 10.000 15.000
>EMYpro_2 42 55.000 20.000 5.000 20.000
>EMYpro_2 43 45.000 20.000 15.000 20.000
>EMYpro_2 44 35.000 30.000 20.000 15.000
>EMYpro_2 45 40.000 15.000 25.000 20.000
>EMYpro_3 1 15.000 45.000 20.000 20.000
>EMYpro_3 2 15.000 75.000 10.000 0.000
>EMYpro_3 3 5.000 65.000 25.000 5.000
>EMYpro_3 4 25.000 35.000 35.000 5.000
>EMYpro_3 5 30.000 25.000 30.000 15.000
>EMYpro_3 6 20.000 25.000 30.000 25.000
>EMYpro_3 7 20.000 40.000 20.000 20.000
>EMYpro_3 8 15.000 55.000 15.000 15.000
>EMYpro_3 9 15.000 65.000 10.000 10.000
>EMYpro_3 10 30.000 45.000 20.000 5.000
>EMYpro_3 11 30.000 25.000 35.000 10.000
>EMYpro_3 12 35.000 35.000 15.000 15.000
>EMYpro_3 13 45.000 30.000 15.000 10.000
>EMYpro_3 14 35.000 20.000 20.000 25.000
>EMYpro_3 15 30.000 20.000 15.000 35.000
>EMYpro_3 16 40.000 15.000 20.000 25.000
>EMYpro_3 17 40.000 20.000 15.000 25.000
>EMYpro_3 18 15.000 30.000 20.000 35.000
>EMYpro_3 19 20.000 35.000 25.000 20.000
>EMYpro_3 20 25.000 35.000 20.000 20.000
>EMYpro_3 21 20.000 35.000 10.000 35.000
>EMYpro_3 22 30.000 40.000 15.000 15.000
>EMYpro_3 23 25.000 35.000 35.000 5.000
>EMYpro_3 24 25.000 30.000 25.000 20.000
>EMYpro_3 25 30.000 40.000 10.000 20.000
>EMYpro_3 26 30.000 55.000 10.000 5.000
>EMYpro_3 27 20.000 55.000 20.000 5.000
>EMYpro_3 28 10.000 55.000 25.000 10.000
>EMYpro_3 29 25.000 60.000 10.000 5.000
>EMYpro_3 30 35.000 45.000 5.000 15.000
>EMYpro_3 31 30.000 35.000 15.000 20.000
>EMYpro_3 32 30.000 30.000 20.000 20.000
>EMYpro_3 33 30.000 35.000 15.000 20.000
>EMYpro_3 34 45.000 35.000 15.000 5.000
>EMYpro_3 35 45.000 25.000 15.000 15.000
>EMYpro_3 36 30.000 25.000 20.000 25.000
>EMYpro_3 37 30.000 30.000 25.000 15.000
>EMYpro_3 38 45.000 35.000 15.000 5.000
>EMYpro_3 39 40.000 30.000 10.000 20.000
>EMYpro_3 40 20.000 40.000 15.000 25.000
>EMYpro_3 41 40.000 35.000 10.000 15.000
>EMYpro_3 42 30.000 35.000 5.000 30.000
>EMYpro_3 43 15.000 40.000 25.000 20.000
>EMYpro_3 44 30.000 25.000 35.000 10.000
>EMYpro_3 45 30.000 35.000 20.000 15.000
>EMYpro_4 1 20.000 35.000 35.000 10.000
>EMYpro_4 2 30.000 55.000 15.000 0.000
>EMYpro_4 3 20.000 45.000 25.000 10.000
>EMYpro_4 4 20.000 20.000 40.000 20.000
>EMYpro_4 5 20.000 35.000 30.000 15.000
>EMYpro_4 6 5.000 50.000 25.000 20.000
>EMYpro_4 7 15.000 35.000 20.000 30.000
>EMYpro_4 8 25.000 20.000 30.000 25.000
>EMYpro_4 9 45.000 20.000 25.000 10.000
>EMYpro_4 10 35.000 40.000 25.000 0.000
>EMYpro_4 11 15.000 55.000 25.000 5.000
>EMYpro_4 12 40.000 30.000 10.000 20.000
>EMYpro_4 13 40.000 30.000 10.000 20.000
>EMYpro_4 14 25.000 45.000 10.000 20.000
>EMYpro_4 15 30.000 30.000 20.000 20.000
>EMYpro_4 16 30.000 25.000 30.000 15.000
>EMYpro_4 17 15.000 40.000 25.000 20.000
>EMYpro_4 18 25.000 40.000 15.000 20.000
>EMYpro_4 19 40.000 25.000 10.000 25.000
>EMYpro_4 20 45.000 20.000 20.000 15.000
>EMYpro_4 21 40.000 30.000 25.000 5.000
>EMYpro_4 22 35.000 40.000 15.000 10.000
>EMYpro_4 23 25.000 45.000 20.000 10.000
>EMYpro_4 24 25.000 35.000 20.000 20.000
>EMYpro_4 25 35.000 35.000 15.000 15.000
>EMYpro_4 26 35.000 45.000 15.000 5.000
>EMYpro_4 27 35.000 35.000 15.000 15.000
>EMYpro_4 28 30.000 30.000 20.000 20.000
>EMYpro_4 29 35.000 45.000 10.000 10.000
>EMYpro_4 30 30.000 50.000 10.000 10.000
>EMYpro_4 31 20.000 35.000 25.000 20.000
>EMYpro_4 32 20.000 35.000 25.000 20.000
>EMYpro_4 33 25.000 35.000 15.000 25.000
>EMYpro_4 34 25.000 25.000 25.000 25.000
>EMYpro_4 35 40.000 25.000 25.000 10.000
>EMYpro_4 36 55.000 25.000 5.000 15.000
>EMYpro_4 37 35.000 30.000 10.000 25.000
>EMYpro_4 38 35.000 30.000 20.000 15.000
>EMYpro_4 39 45.000 25.000 10.000 20.000
>EMYpro_4 40 40.000 20.000 15.000 25.000
>EMYpro_4 41 45.000 20.000 20.000 15.000
>EMYpro_4 42 30.000 35.000 30.000 5.000
>EMYpro_4 43 10.000 45.000 25.000 20.000
>EMYpro_4 44 35.000 35.000 5.000 25.000
>EMYpro_4 45 65.000 20.000 5.000 10.000
