>EMYuas1_VH1 1 30.000 25.000 20.000 25.000
>EMYuas1_VH1 2 20.000 40.000 30.000 10.000
>EMYuas1_VH1 3 25.000 30.000 35.000 10.000
>EMYuas1_VH1 4 30.000 45.000 15.000 10.000
>EMYuas1_VH1 5 30.000 45.000 10.000 15.000
>EMYuas1_VH1 6 35.000 25.000 10.000 30.000
>EMYuas1_VH1 7 40.000 35.000 5.000 20.000
>EMYuas1_VH1 8 30.000 55.000 10.000 5.000
>EMYuas1_VH1 9 20.000 45.000 15.000 20.000
>EMYuas1_VH1 10 30.000 35.000 10.000 25.000
>EMYuas1_VH1 11 35.000 60.000 0.000 5.000
>EMYuas1_VH1 12 50.000 45.000 0.000 5.000
>EMYuas1_VH1 13 40.000 45.000 5.000 10.000
>EMYuas1_VH1 14 25.000 50.000 20.000 5.000
>EMYuas1_VH1 15 30.000 50.000 15.000 5.000
>EMYuas1_VH1 16 30.000 55.000 10.000 5.000
>EMYuas1_VH1 17 25.000 40.000 25.000 10.000
>EMYuas1_H1 1 40.000 20.000 20.000 20.000
>EMYuas1_H1 2 40.000 30.000 20.000 10.000
>EMYuas1_H1 3 40.000 15.000 25.000 20.000
>EMYuas1_H1 4 20.000 50.000 15.000 15.000
>EMYuas1_H1 5 5.000 85.000 10.000 0.000
>EMYuas1_H1 6 25.000 55.000 10.000 10.000
>EMYuas1_H1 7 35.000 40.000 5.000 20.000
>EMYuas1_H1 8 30.000 50.000 5.000 15.000
>EMYuas1_H1 9 25.000 55.000 0.000 20.000
>EMYuas1_H1 10 20.000 35.000 15.000 30.000
>EMYuas1_H1 11 10.000 60.000 15.000 15.000
>EMYuas1_H1 12 10.000 80.000 5.000 5.000
>EMYuas1_H1 13 15.000 35.000 15.000 35.000
>EMYuas1_H1 14 25.000 20.000 25.000 30.000
>EMYuas1_H1 15 55.000 20.000 25.000 0.000
>EMYuas1_H1 16 40.000 25.000 35.000 0.000
>EMYuas1_H1 17 10.000 40.000 40.000 10.000
>EMYuas1_M1 1 40.000 15.000 20.000 25.000
>EMYuas1_M1 2 45.000 10.000 20.000 25.000
>EMYuas1_M1 3 30.000 15.000 25.000 30.000
>EMYuas1_M1 4 15.000 35.000 20.000 30.000
>EMYuas1_M1 5 20.000 45.000 15.000 20.000
>EMYuas1_M1 6 20.000 40.000 20.000 20.000
>EMYuas1_M1 7 25.000 25.000 20.000 30.000
>EMYuas1_M1 8 25.000 40.000 20.000 15.000
>EMYuas1_M1 9 20.000 45.000 25.000 10.000
>EMYuas1_M1 10 30.000 20.000 25.000 25.000
>EMYuas1_M1 11 40.000 35.000 10.000 15.000
>EMYuas1_M1 12 30.000 65.000 5.000 0.000
>EMYuas1_M1 13 15.000 50.000 25.000 10.000
>EMYuas1_M1 14 15.000 50.000 25.000 10.000
>EMYuas1_M1 15 25.000 70.000 5.000 0.000
>EMYuas1_M1 16 30.000 50.000 5.000 15.000
>EMYuas1_M1 17 20.000 35.000 20.000 25.000
>EMYuas1_L1 1 45.000 5.000 30.000 20.000
>EMYuas1_L1 2 35.000 20.000 30.000 15.000
>EMYuas1_L1 3 15.000 45.000 20.000 20.000
>EMYuas1_L1 4 30.000 35.000 10.000 25.000
>EMYuas1_L1 5 45.000 20.000 10.000 25.000
>EMYuas1_L1 6 40.000 25.000 25.000 10.000
>EMYuas1_L1 7 40.000 30.000 20.000 10.000
>EMYuas1_L1 8 35.000 40.000 15.000 10.000
>EMYuas1_L1 9 20.000 50.000 20.000 10.000
>EMYuas1_L1 10 20.000 35.000 25.000 20.000
>EMYuas1_L1 11 30.000 45.000 15.000 10.000
>EMYuas1_L1 12 35.000 45.000 10.000 10.000
>EMYuas1_L1 13 40.000 25.000 20.000 15.000
>EMYuas1_L1 14 40.000 30.000 15.000 15.000
>EMYuas1_L1 15 35.000 50.000 5.000 10.000
>EMYuas1_L1 16 20.000 50.000 20.000 10.000
>EMYuas1_L1 17 10.000 35.000 35.000 20.000
