>EMYuas2_VH1 1 35.000 20.000 15.000 30.000
>EMYuas2_VH1 2 40.000 35.000 5.000 20.000
>EMYuas2_VH1 3 40.000 55.000 0.000 5.000
>EMYuas2_VH1 4 30.000 55.000 15.000 0.000
>EMYuas2_VH1 5 30.000 35.000 30.000 5.000
>EMYuas2_VH1 6 15.000 40.000 25.000 20.000
>EMYuas2_VH1 7 10.000 35.000 35.000 20.000
>EMYuas2_VH1 8 30.000 30.000 30.000 10.000
>EMYuas2_VH1 9 25.000 45.000 5.000 25.000
>EMYuas2_VH1 10 20.000 45.000 5.000 30.000
>EMYuas2_VH1 11 30.000 40.000 20.000 10.000
>EMYuas2_VH1 12 30.000 25.000 30.000 15.000
>EMYuas2_VH1 13 30.000 15.000 25.000 30.000
>EMYuas2_VH1 14 25.000 35.000 20.000 20.000
>EMYuas2_VH1 15 30.000 35.000 20.000 15.000
>EMYuas2_VH1 16 25.000 40.000 20.000 15.000
>EMYuas2_VH1 17 10.000 50.000 25.000 15.000
>EMYuas2_H1 1 30.000 20.000 20.000 30.000
>EMYuas2_H1 2 10.000 60.000 15.000 15.000
>EMYuas2_H1 3 0.000 95.000 5.000 0.000
>EMYuas2_H1 4 15.000 55.000 20.000 10.000
>EMYuas2_H1 5 25.000 25.000 25.000 25.000
>EMYuas2_H1 6 25.000 30.000 25.000 20.000
>EMYuas2_H1 7 40.000 10.000 35.000 15.000
>EMYuas2_H1 8 45.000 10.000 25.000 20.000
>EMYuas2_H1 9 40.000 10.000 20.000 30.000
>EMYuas2_H1 10 30.000 15.000 30.000 25.000
>EMYuas2_H1 11 15.000 40.000 35.000 10.000
>EMYuas2_H1 12 30.000 40.000 15.000 15.000
>EMYuas2_H1 13 40.000 30.000 5.000 25.000
>EMYuas2_H1 14 20.000 40.000 25.000 15.000
>EMYuas2_H1 15 10.000 45.000 35.000 10.000
>EMYuas2_H1 16 25.000 35.000 30.000 10.000
>EMYuas2_H1 17 25.000 35.000 30.000 10.000
>EMYuas2_M1 1 25.000 20.000 20.000 35.000
>EMYuas2_M1 2 20.000 40.000 20.000 20.000
>EMYuas2_M1 3 15.000 75.000 10.000 0.000
>EMYuas2_M1 4 5.000 70.000 20.000 5.000
>EMYuas2_M1 5 25.000 35.000 35.000 5.000
>EMYuas2_M1 6 25.000 25.000 35.000 15.000
>EMYuas2_M1 7 20.000 20.000 35.000 25.000
>EMYuas2_M1 8 25.000 35.000 20.000 20.000
>EMYuas2_M1 9 15.000 60.000 15.000 10.000
>EMYuas2_M1 10 15.000 65.000 10.000 10.000
>EMYuas2_M1 11 30.000 45.000 15.000 10.000
>EMYuas2_M1 12 30.000 30.000 30.000 10.000
>EMYuas2_M1 13 35.000 30.000 20.000 15.000
>EMYuas2_M1 14 45.000 30.000 15.000 10.000
>EMYuas2_M1 15 35.000 25.000 20.000 20.000
>EMYuas2_M1 16 30.000 20.000 20.000 30.000
>EMYuas2_M1 17 20.000 30.000 25.000 25.000
>EMYuas2_L1 1 25.000 20.000 30.000 25.000
>EMYuas2_L1 2 25.000 30.000 35.000 10.000
>EMYuas2_L1 3 35.000 50.000 15.000 0.000
>EMYuas2_L1 4 20.000 50.000 25.000 5.000
>EMYuas2_L1 5 20.000 25.000 35.000 20.000
>EMYuas2_L1 6 20.000 35.000 25.000 20.000
>EMYuas2_L1 7 5.000 50.000 25.000 20.000
>EMYuas2_L1 8 15.000 35.000 20.000 30.000
>EMYuas2_L1 9 25.000 20.000 30.000 25.000
>EMYuas2_L1 10 40.000 20.000 30.000 10.000
>EMYuas2_L1 11 35.000 35.000 30.000 0.000
>EMYuas2_L1 12 20.000 50.000 25.000 5.000
>EMYuas2_L1 13 40.000 35.000 10.000 15.000
>EMYuas2_L1 14 40.000 30.000 10.000 20.000
>EMYuas2_L1 15 20.000 45.000 10.000 25.000
>EMYuas2_L1 16 20.000 40.000 20.000 20.000
>EMYuas2_L1 17 20.000 35.000 30.000 15.000
