>EMYcore_VH1 1 20.000 40.000 15.000 25.000
>EMYcore_VH1 2 35.000 50.000 15.000 0.000
>EMYcore_VH1 3 45.000 30.000 15.000 10.000
>EMYcore_VH1 4 30.000 25.000 20.000 25.000
>EMYcore_VH1 5 25.000 35.000 15.000 25.000
>EMYcore_VH1 6 25.000 45.000 20.000 10.000
>EMYcore_VH1 7 25.000 50.000 25.000 0.000
>EMYcore_VH1 8 25.000 50.000 25.000 0.000
>EMYcore_VH1 9 20.000 55.000 15.000 10.000
>EMYcore_VH1 10 25.000 60.000 0.000 15.000
>EMYcore_VH1 11 35.000 50.000 10.000 5.000
>EMYcore_VH1 12 35.000 35.000 25.000 5.000
>EMYcore_VH1 13 55.000 15.000 15.000 15.000
>EMYcore_VH1 14 65.000 10.000 5.000 20.000
>EMYcore_VH1 15 25.000 30.000 25.000 20.000
>EMYcore_VH2 1 15.000 45.000 15.000 25.000
>EMYcore_VH2 2 30.000 50.000 10.000 10.000
>EMYcore_VH2 3 50.000 20.000 10.000 20.000
>EMYcore_VH2 4 30.000 25.000 30.000 15.000
>EMYcore_VH2 5 20.000 45.000 30.000 5.000
>EMYcore_VH2 6 30.000 35.000 20.000 15.000
>EMYcore_VH2 7 30.000 35.000 20.000 15.000
>EMYcore_VH2 8 30.000 45.000 20.000 5.000
>EMYcore_VH2 9 20.000 45.000 25.000 10.000
>EMYcore_VH2 10 15.000 50.000 20.000 15.000
>EMYcore_VH2 11 30.000 45.000 15.000 10.000
>EMYcore_VH2 12 30.000 40.000 20.000 10.000
>EMYcore_VH2 13 30.000 25.000 25.000 20.000
>EMYcore_VH2 14 45.000 15.000 20.000 20.000
>EMYcore_VH2 15 25.000 30.000 25.000 20.000
>EMYcore_VH3 1 20.000 35.000 15.000 30.000
>EMYcore_VH3 2 30.000 45.000 20.000 5.000
>EMYcore_VH3 3 35.000 35.000 20.000 10.000
>EMYcore_VH3 4 30.000 25.000 15.000 30.000
>EMYcore_VH3 5 25.000 30.000 15.000 30.000
>EMYcore_VH3 6 25.000 45.000 20.000 10.000
>EMYcore_VH3 7 25.000 45.000 20.000 10.000
>EMYcore_VH3 8 20.000 45.000 20.000 15.000
>EMYcore_VH3 9 25.000 50.000 10.000 15.000
>EMYcore_VH3 10 20.000 55.000 15.000 10.000
>EMYcore_VH3 11 20.000 50.000 30.000 0.000
>EMYcore_VH3 12 35.000 30.000 25.000 10.000
>EMYcore_VH3 13 45.000 25.000 20.000 10.000
>EMYcore_VH3 14 40.000 35.000 10.000 15.000
>EMYcore_VH3 15 15.000 40.000 20.000 25.000
>EMYcore_VH4 1 15.000 40.000 20.000 25.000
>EMYcore_VH4 2 25.000 40.000 25.000 10.000
>EMYcore_VH4 3 45.000 25.000 20.000 10.000
>EMYcore_VH4 4 35.000 30.000 15.000 20.000
>EMYcore_VH4 5 20.000 40.000 10.000 30.000
>EMYcore_VH4 6 25.000 45.000 15.000 15.000
>EMYcore_VH4 7 25.000 50.000 15.000 10.000
>EMYcore_VH4 8 25.000 55.000 10.000 10.000
>EMYcore_VH4 9 30.000 40.000 20.000 10.000
>EMYcore_VH4 10 25.000 35.000 30.000 10.000
>EMYcore_VH4 11 35.000 30.000 30.000 5.000
>EMYcore_VH4 12 40.000 20.000 25.000 15.000
>EMYcore_VH4 13 50.000 15.000 20.000 15.000
>EMYcore_VH4 14 60.000 15.000 15.000 10.000
>EMYcore_VH4 15 25.000 30.000 25.000 20.000
>EMYcore_VH5 1 15.000 40.000 20.000 25.000
>EMYcore_VH5 2 30.000 55.000 15.000 0.000
>EMYcore_VH5 3 45.000 35.000 5.000 15.000
>EMYcore_VH5 4 30.000 30.000 10.000 30.000
>EMYcore_VH5 5 20.000 40.000 20.000 20.000
>EMYcore_VH5 6 30.000 40.000 20.000 10.000
>EMYcore_VH5 7 35.000 40.000 20.000 5.000
>EMYcore_VH5 8 40.000 35.000 25.000 0.000
>EMYcore_VH5 9 35.000 40.000 10.000 15.000
>EMYcore_VH5 10 20.000 45.000 15.000 20.000
>EMYcore_VH5 11 35.000 35.000 25.000 5.000
>EMYcore_VH5 12 45.000 25.000 15.000 15.000
>EMYcore_VH5 13 55.000 15.000 15.000 15.000
>EMYcore_VH5 14 60.000 15.000 15.000 10.000
>EMYcore_VH5 15 25.000 30.000 25.000 20.000
>EMYcore_VH6 1 15.000 40.000 20.000 25.000
>EMYcore_VH6 2 25.000 60.000 15.000 0.000
>EMYcore_VH6 3 25.000 55.000 5.000 15.000
>EMYcore_VH6 4 20.000 45.000 15.000 20.000
>EMYcore_VH6 5 45.000 20.000 20.000 15.000
>EMYcore_VH6 6 50.000 15.000 20.000 15.000
>EMYcore_VH6 7 40.000 25.000 25.000 10.000
>EMYcore_VH6 8 20.000 55.000 20.000 5.000
>EMYcore_VH6 9 5.000 70.000 15.000 10.000
>EMYcore_VH6 10 30.000 40.000 20.000 10.000
>EMYcore_VH6 11 45.000 30.000 25.000 0.000
>EMYcore_VH6 12 45.000 25.000 25.000 5.000
>EMYcore_VH6 13 60.000 15.000 15.000 10.000
>EMYcore_VH6 14 55.000 25.000 5.000 15.000
>EMYcore_VH6 15 20.000 40.000 20.000 20.000
>EMYcore_VH7 1 25.000 35.000 15.000 25.000
>EMYcore_VH7 2 25.000 35.000 30.000 10.000
>EMYcore_VH7 3 15.000 40.000 25.000 20.000
>EMYcore_VH7 4 15.000 50.000 20.000 15.000
>EMYcore_VH7 5 35.000 30.000 15.000 20.000
>EMYcore_VH7 6 35.000 30.000 10.000 25.000
>EMYcore_VH7 7 20.000 45.000 20.000 15.000
>EMYcore_VH7 8 30.000 40.000 20.000 10.000
>EMYcore_VH7 9 35.000 35.000 20.000 10.000
>EMYcore_VH7 10 25.000 50.000 15.000 10.000
>EMYcore_VH7 11 30.000 55.000 10.000 5.000
>EMYcore_VH7 12 40.000 25.000 30.000 5.000
>EMYcore_VH7 13 50.000 10.000 30.000 10.000
>EMYcore_VH7 14 55.000 20.000 10.000 15.000
>EMYcore_VH7 15 25.000 30.000 25.000 20.000
>EMYcore_VH8 1 15.000 40.000 15.000 30.000
>EMYcore_VH8 2 20.000 45.000 30.000 5.000
>EMYcore_VH8 3 35.000 30.000 20.000 15.000
>EMYcore_VH8 4 35.000 30.000 10.000 25.000
>EMYcore_VH8 5 30.000 30.000 20.000 20.000
>EMYcore_VH8 6 30.000 35.000 15.000 20.000
>EMYcore_VH8 7 30.000 40.000 15.000 15.000
>EMYcore_VH8 8 30.000 45.000 20.000 5.000
>EMYcore_VH8 9 30.000 50.000 15.000 5.000
>EMYcore_VH8 10 25.000 50.000 15.000 10.000
>EMYcore_VH8 11 25.000 40.000 20.000 15.000
>EMYcore_VH8 12 50.000 20.000 20.000 10.000
>EMYcore_VH8 13 60.000 15.000 20.000 5.000
>EMYcore_VH8 14 50.000 20.000 15.000 15.000
>EMYcore_VH8 15 25.000 30.000 25.000 20.000
>EMYcore_VH9 1 20.000 40.000 15.000 25.000
>EMYcore_VH9 2 25.000 45.000 20.000 10.000
>EMYcore_VH9 3 30.000 35.000 25.000 10.000
>EMYcore_VH9 4 30.000 30.000 25.000 15.000
>EMYcore_VH9 5 25.000 30.000 20.000 25.000
>EMYcore_VH9 6 30.000 40.000 10.000 20.000
>EMYcore_VH9 7 25.000 55.000 5.000 15.000
>EMYcore_VH9 8 25.000 55.000 10.000 10.000
>EMYcore_VH9 9 40.000 40.000 15.000 5.000
>EMYcore_VH9 10 40.000 20.000 25.000 15.000
>EMYcore_VH9 11 40.000 15.000 25.000 20.000
>EMYcore_VH9 12 50.000 20.000 20.000 10.000
>EMYcore_VH9 13 60.000 10.000 15.000 15.000
>EMYcore_VH9 14 50.000 25.000 5.000 20.000
>EMYcore_VH9 15 20.000 40.000 20.000 20.000
>EMYcore_VH10 1 20.000 40.000 15.000 25.000
>EMYcore_VH10 2 25.000 50.000 20.000 5.000
>EMYcore_VH10 3 35.000 30.000 20.000 15.000
>EMYcore_VH10 4 25.000 25.000 20.000 30.000
>EMYcore_VH10 5 20.000 30.000 20.000 30.000
>EMYcore_VH10 6 30.000 45.000 15.000 10.000
>EMYcore_VH10 7 25.000 55.000 15.000 5.000
>EMYcore_VH10 8 25.000 55.000 15.000 5.000
>EMYcore_VH10 9 30.000 45.000 15.000 10.000
>EMYcore_VH10 10 30.000 35.000 20.000 15.000
>EMYcore_VH10 11 30.000 35.000 20.000 15.000
>EMYcore_VH10 12 30.000 40.000 15.000 15.000
>EMYcore_VH10 13 45.000 25.000 15.000 15.000
>EMYcore_VH10 14 55.000 10.000 15.000 20.000
>EMYcore_VH10 15 25.000 30.000 25.000 20.000
>EMYcore_H1 1 20.000 40.000 15.000 25.000
>EMYcore_H1 2 20.000 40.000 20.000 20.000
>EMYcore_H1 3 30.000 35.000 15.000 20.000
>EMYcore_H1 4 35.000 40.000 20.000 5.000
>EMYcore_H1 5 30.000 35.000 25.000 10.000
>EMYcore_H1 6 35.000 40.000 10.000 15.000
>EMYcore_H1 7 40.000 30.000 5.000 25.000
>EMYcore_H1 8 30.000 30.000 20.000 20.000
>EMYcore_H1 9 15.000 45.000 20.000 20.000
>EMYcore_H1 10 20.000 45.000 20.000 15.000
>EMYcore_H1 11 55.000 25.000 20.000 0.000
>EMYcore_H1 12 60.000 25.000 10.000 5.000
>EMYcore_H1 13 40.000 30.000 15.000 15.000
>EMYcore_H1 14 40.000 25.000 15.000 20.000
>EMYcore_H1 15 20.000 35.000 25.000 20.000
>EMYcore_H2 1 25.000 35.000 15.000 25.000
>EMYcore_H2 2 35.000 45.000 20.000 0.000
>EMYcore_H2 3 25.000 45.000 15.000 15.000
>EMYcore_H2 4 20.000 45.000 10.000 25.000
>EMYcore_H2 5 40.000 30.000 15.000 15.000
>EMYcore_H2 6 35.000 25.000 20.000 20.000
>EMYcore_H2 7 30.000 35.000 20.000 15.000
>EMYcore_H2 8 30.000 35.000 20.000 15.000
>EMYcore_H2 9 35.000 25.000 20.000 20.000
>EMYcore_H2 10 40.000 35.000 20.000 5.000
>EMYcore_H2 11 35.000 40.000 15.000 10.000
>EMYcore_H2 12 35.000 30.000 15.000 20.000
>EMYcore_H2 13 45.000 30.000 10.000 15.000
>EMYcore_H2 14 55.000 25.000 5.000 15.000
>EMYcore_H2 15 25.000 30.000 25.000 20.000
>EMYcore_H3 1 15.000 45.000 15.000 25.000
>EMYcore_H3 2 10.000 60.000 15.000 15.000
>EMYcore_H3 3 20.000 35.000 20.000 25.000
>EMYcore_H3 4 30.000 30.000 25.000 15.000
>EMYcore_H3 5 35.000 40.000 15.000 10.000
>EMYcore_H3 6 45.000 25.000 15.000 15.000
>EMYcore_H3 7 40.000 30.000 15.000 15.000
>EMYcore_H3 8 30.000 50.000 5.000 15.000
>EMYcore_H3 9 25.000 45.000 15.000 15.000
>EMYcore_H3 10 25.000 35.000 30.000 10.000
>EMYcore_H3 11 40.000 30.000 25.000 5.000
>EMYcore_H3 12 35.000 30.000 25.000 10.000
>EMYcore_H3 13 40.000 25.000 20.000 15.000
>EMYcore_H3 14 55.000 20.000 10.000 15.000
>EMYcore_H3 15 25.000 30.000 25.000 20.000
>EMYcore_H4 1 20.000 40.000 15.000 25.000
>EMYcore_H4 2 20.000 55.000 15.000 10.000
>EMYcore_H4 3 30.000 40.000 15.000 15.000
>EMYcore_H4 4 40.000 30.000 10.000 20.000
>EMYcore_H4 5 40.000 30.000 10.000 20.000
>EMYcore_H4 6 30.000 35.000 25.000 10.000
>EMYcore_H4 7 25.000 35.000 30.000 10.000
>EMYcore_H4 8 30.000 35.000 20.000 15.000
>EMYcore_H4 9 20.000 50.000 10.000 20.000
>EMYcore_H4 10 25.000 45.000 10.000 20.000
>EMYcore_H4 11 30.000 40.000 15.000 15.000
>EMYcore_H4 12 30.000 40.000 20.000 10.000
>EMYcore_H4 13 45.000 30.000 20.000 5.000
>EMYcore_H4 14 45.000 25.000 15.000 15.000
>EMYcore_H4 15 20.000 30.000 25.000 25.000
>EMYcore_H5 1 20.000 35.000 15.000 30.000
>EMYcore_H5 2 30.000 40.000 15.000 15.000
>EMYcore_H5 3 35.000 30.000 15.000 20.000
>EMYcore_H5 4 30.000 30.000 30.000 10.000
>EMYcore_H5 5 40.000 25.000 20.000 15.000
>EMYcore_H5 6 30.000 45.000 5.000 20.000
>EMYcore_H5 7 30.000 40.000 15.000 15.000
>EMYcore_H5 8 35.000 35.000 15.000 15.000
>EMYcore_H5 9 20.000 55.000 15.000 10.000
>EMYcore_H5 10 30.000 45.000 20.000 5.000
>EMYcore_H5 11 35.000 40.000 15.000 10.000
>EMYcore_H5 12 40.000 35.000 10.000 15.000
>EMYcore_H5 13 50.000 25.000 15.000 10.000
>EMYcore_H5 14 50.000 20.000 15.000 15.000
>EMYcore_H5 15 25.000 30.000 25.000 20.000
>EMYcore_H6 1 15.000 35.000 25.000 25.000
>EMYcore_H6 2 20.000 45.000 30.000 5.000
>EMYcore_H6 3 35.000 40.000 15.000 10.000
>EMYcore_H6 4 40.000 30.000 10.000 20.000
>EMYcore_H6 5 30.000 30.000 15.000 25.000
>EMYcore_H6 6 30.000 45.000 10.000 15.000
>EMYcore_H6 7 40.000 30.000 10.000 20.000
>EMYcore_H6 8 25.000 35.000 15.000 25.000
>EMYcore_H6 9 15.000 55.000 15.000 15.000
>EMYcore_H6 10 35.000 40.000 20.000 5.000
>EMYcore_H6 11 45.000 30.000 15.000 10.000
>EMYcore_H6 12 40.000 20.000 20.000 20.000
>EMYcore_H6 13 45.000 25.000 15.000 15.000
>EMYcore_H6 14 40.000 40.000 5.000 15.000
>EMYcore_H6 15 15.000 40.000 25.000 20.000
>EMYcore_H7 1 15.000 40.000 15.000 30.000
>EMYcore_H7 2 25.000 55.000 15.000 5.000
>EMYcore_H7 3 40.000 35.000 15.000 10.000
>EMYcore_H7 4 40.000 20.000 15.000 25.000
>EMYcore_H7 5 30.000 35.000 10.000 25.000
>EMYcore_H7 6 25.000 40.000 20.000 15.000
>EMYcore_H7 7 35.000 35.000 15.000 15.000
>EMYcore_H7 8 30.000 40.000 15.000 15.000
>EMYcore_H7 9 30.000 35.000 30.000 5.000
>EMYcore_H7 10 40.000 30.000 20.000 10.000
>EMYcore_H7 11 40.000 35.000 10.000 15.000
>EMYcore_H7 12 45.000 30.000 20.000 5.000
>EMYcore_H7 13 40.000 30.000 20.000 10.000
>EMYcore_H7 14 35.000 35.000 10.000 20.000
>EMYcore_H7 15 20.000 35.000 25.000 20.000
>EMYcore_H8 1 25.000 35.000 15.000 25.000
>EMYcore_H8 2 25.000 50.000 15.000 10.000
>EMYcore_H8 3 20.000 45.000 10.000 25.000
>EMYcore_H8 4 25.000 50.000 10.000 15.000
>EMYcore_H8 5 35.000 40.000 15.000 10.000
>EMYcore_H8 6 40.000 20.000 25.000 15.000
>EMYcore_H8 7 40.000 20.000 30.000 10.000
>EMYcore_H8 8 40.000 30.000 20.000 10.000
>EMYcore_H8 9 35.000 40.000 15.000 10.000
>EMYcore_H8 10 35.000 35.000 15.000 15.000
>EMYcore_H8 11 40.000 30.000 10.000 20.000
>EMYcore_H8 12 45.000 25.000 15.000 15.000
>EMYcore_H8 13 50.000 10.000 20.000 20.000
>EMYcore_H8 14 45.000 10.000 15.000 30.000
>EMYcore_H8 15 20.000 30.000 25.000 25.000
>EMYcore_H9 1 20.000 40.000 15.000 25.000
>EMYcore_H9 2 30.000 40.000 15.000 15.000
>EMYcore_H9 3 40.000 35.000 5.000 20.000
>EMYcore_H9 4 25.000 50.000 15.000 10.000
>EMYcore_H9 5 25.000 35.000 25.000 15.000
>EMYcore_H9 6 35.000 25.000 20.000 20.000
>EMYcore_H9 7 40.000 30.000 20.000 10.000
>EMYcore_H9 8 40.000 40.000 15.000 5.000
>EMYcore_H9 9 30.000 40.000 25.000 5.000
>EMYcore_H9 10 35.000 30.000 20.000 15.000
>EMYcore_H9 11 30.000 45.000 5.000 20.000
>EMYcore_H9 12 25.000 40.000 20.000 15.000
>EMYcore_H9 13 30.000 30.000 20.000 20.000
>EMYcore_H9 14 35.000 40.000 5.000 20.000
>EMYcore_H9 15 20.000 40.000 20.000 20.000
>EMYcore_H10 1 20.000 40.000 15.000 25.000
>EMYcore_H10 2 25.000 45.000 25.000 5.000
>EMYcore_H10 3 30.000 40.000 20.000 10.000
>EMYcore_H10 4 25.000 45.000 20.000 10.000
>EMYcore_H10 5 30.000 40.000 20.000 10.000
>EMYcore_H10 6 35.000 30.000 10.000 25.000
>EMYcore_H10 7 40.000 30.000 5.000 25.000
>EMYcore_H10 8 35.000 35.000 10.000 20.000
>EMYcore_H10 9 20.000 35.000 30.000 15.000
>EMYcore_H10 10 30.000 40.000 25.000 5.000
>EMYcore_H10 11 40.000 40.000 5.000 15.000
>EMYcore_H10 12 55.000 25.000 10.000 10.000
>EMYcore_H10 13 40.000 20.000 20.000 20.000
>EMYcore_H10 14 25.000 35.000 10.000 30.000
>EMYcore_H10 15 20.000 40.000 20.000 20.000
>EMYcore_M1 1 15.000 40.000 20.000 25.000
>EMYcore_M1 2 20.000 50.000 20.000 10.000
>EMYcore_M1 3 40.000 35.000 10.000 15.000
>EMYcore_M1 4 55.000 25.000 10.000 10.000
>EMYcore_M1 5 35.000 30.000 15.000 20.000
>EMYcore_M1 6 25.000 30.000 20.000 25.000
>EMYcore_M1 7 35.000 35.000 15.000 15.000
>EMYcore_M1 8 35.000 30.000 15.000 20.000
>EMYcore_M1 9 35.000 20.000 20.000 25.000
>EMYcore_M1 10 35.000 30.000 20.000 15.000
>EMYcore_M1 11 30.000 25.000 25.000 20.000
>EMYcore_M1 12 30.000 25.000 15.000 30.000
>EMYcore_M1 13 50.000 20.000 10.000 20.000
>EMYcore_M1 14 40.000 25.000 20.000 15.000
>EMYcore_M1 15 10.000 40.000 30.000 20.000
>EMYcore_M2 1 15.000 40.000 15.000 30.000
>EMYcore_M2 2 25.000 35.000 25.000 15.000
>EMYcore_M2 3 30.000 25.000 25.000 20.000
>EMYcore_M2 4 30.000 35.000 15.000 20.000
>EMYcore_M2 5 40.000 35.000 10.000 15.000
>EMYcore_M2 6 40.000 35.000 10.000 15.000
>EMYcore_M2 7 35.000 25.000 20.000 20.000
>EMYcore_M2 8 30.000 35.000 20.000 15.000
>EMYcore_M2 9 35.000 30.000 20.000 15.000
>EMYcore_M2 10 45.000 20.000 20.000 15.000
>EMYcore_M2 11 40.000 30.000 15.000 15.000
>EMYcore_M2 12 30.000 25.000 20.000 25.000
>EMYcore_M2 13 30.000 30.000 20.000 20.000
>EMYcore_M2 14 40.000 35.000 10.000 15.000
>EMYcore_M2 15 25.000 35.000 20.000 20.000
>EMYcore_M3 1 20.000 40.000 15.000 25.000
>EMYcore_M3 2 30.000 40.000 30.000 0.000
>EMYcore_M3 3 40.000 25.000 25.000 10.000
>EMYcore_M3 4 45.000 35.000 5.000 15.000
>EMYcore_M3 5 35.000 35.000 5.000 25.000
>EMYcore_M3 6 20.000 30.000 20.000 30.000
>EMYcore_M3 7 20.000 30.000 20.000 30.000
>EMYcore_M3 8 35.000 30.000 10.000 25.000
>EMYcore_M3 9 35.000 40.000 10.000 15.000
>EMYcore_M3 10 35.000 35.000 20.000 10.000
>EMYcore_M3 11 40.000 35.000 20.000 5.000
>EMYcore_M3 12 30.000 35.000 20.000 15.000
>EMYcore_M3 13 35.000 30.000 15.000 20.000
>EMYcore_M3 14 40.000 35.000 5.000 20.000
>EMYcore_M3 15 20.000 35.000 25.000 20.000
>EMYcore_M4 1 15.000 40.000 20.000 25.000
>EMYcore_M4 2 20.000 55.000 20.000 5.000
>EMYcore_M4 3 35.000 40.000 15.000 10.000
>EMYcore_M4 4 35.000 35.000 15.000 15.000
>EMYcore_M4 5 30.000 25.000 15.000 30.000
>EMYcore_M4 6 40.000 15.000 20.000 25.000
>EMYcore_M4 7 40.000 20.000 20.000 20.000
>EMYcore_M4 8 20.000 25.000 25.000 30.000
>EMYcore_M4 9 20.000 40.000 20.000 20.000
>EMYcore_M4 10 35.000 35.000 15.000 15.000
>EMYcore_M4 11 50.000 20.000 15.000 15.000
>EMYcore_M4 12 55.000 25.000 10.000 10.000
>EMYcore_M4 13 55.000 20.000 10.000 15.000
>EMYcore_M4 14 55.000 15.000 10.000 20.000
>EMYcore_M4 15 25.000 30.000 25.000 20.000
>EMYcore_M5 1 20.000 35.000 15.000 30.000
>EMYcore_M5 2 40.000 40.000 15.000 5.000
>EMYcore_M5 3 45.000 30.000 10.000 15.000
>EMYcore_M5 4 30.000 30.000 20.000 20.000
>EMYcore_M5 5 30.000 40.000 20.000 10.000
>EMYcore_M5 6 30.000 30.000 20.000 20.000
>EMYcore_M5 7 40.000 15.000 20.000 25.000
>EMYcore_M5 8 45.000 25.000 10.000 20.000
>EMYcore_M5 9 35.000 40.000 15.000 10.000
>EMYcore_M5 10 30.000 40.000 20.000 10.000
>EMYcore_M5 11 20.000 35.000 20.000 25.000
>EMYcore_M5 12 25.000 30.000 15.000 30.000
>EMYcore_M5 13 45.000 20.000 15.000 20.000
>EMYcore_M5 14 35.000 30.000 15.000 20.000
>EMYcore_M5 15 10.000 40.000 25.000 25.000
>EMYcore_M6 1 25.000 35.000 15.000 25.000
>EMYcore_M6 2 35.000 35.000 25.000 5.000
>EMYcore_M6 3 40.000 20.000 20.000 20.000
>EMYcore_M6 4 30.000 35.000 5.000 30.000
>EMYcore_M6 5 25.000 40.000 10.000 25.000
>EMYcore_M6 6 35.000 30.000 20.000 15.000
>EMYcore_M6 7 45.000 25.000 15.000 15.000
>EMYcore_M6 8 40.000 30.000 10.000 20.000
>EMYcore_M6 9 35.000 20.000 25.000 20.000
>EMYcore_M6 10 30.000 30.000 25.000 15.000
>EMYcore_M6 11 25.000 45.000 25.000 5.000
>EMYcore_M6 12 35.000 25.000 20.000 20.000
>EMYcore_M6 13 35.000 25.000 15.000 25.000
>EMYcore_M6 14 30.000 35.000 20.000 15.000
>EMYcore_M6 15 15.000 40.000 25.000 20.000
>EMYcore_M7 1 20.000 40.000 15.000 25.000
>EMYcore_M7 2 40.000 45.000 10.000 5.000
>EMYcore_M7 3 45.000 25.000 15.000 15.000
>EMYcore_M7 4 35.000 20.000 25.000 20.000
>EMYcore_M7 5 30.000 25.000 15.000 30.000
>EMYcore_M7 6 20.000 35.000 20.000 25.000
>EMYcore_M7 7 30.000 25.000 25.000 20.000
>EMYcore_M7 8 55.000 10.000 15.000 20.000
>EMYcore_M7 9 40.000 40.000 15.000 5.000
>EMYcore_M7 10 20.000 45.000 20.000 15.000
>EMYcore_M7 11 30.000 30.000 20.000 20.000
>EMYcore_M7 12 30.000 30.000 25.000 15.000
>EMYcore_M7 13 45.000 25.000 15.000 15.000
>EMYcore_M7 14 40.000 35.000 0.000 25.000
>EMYcore_M7 15 10.000 40.000 20.000 30.000
>EMYcore_M8 1 15.000 40.000 20.000 25.000
>EMYcore_M8 2 30.000 35.000 25.000 10.000
>EMYcore_M8 3 40.000 25.000 15.000 20.000
>EMYcore_M8 4 35.000 35.000 10.000 20.000
>EMYcore_M8 5 35.000 35.000 10.000 20.000
>EMYcore_M8 6 40.000 30.000 15.000 15.000
>EMYcore_M8 7 35.000 30.000 30.000 5.000
>EMYcore_M8 8 25.000 30.000 30.000 15.000
>EMYcore_M8 9 25.000 40.000 15.000 20.000
>EMYcore_M8 10 30.000 35.000 10.000 25.000
>EMYcore_M8 11 50.000 10.000 15.000 25.000
>EMYcore_M8 12 50.000 10.000 25.000 15.000
>EMYcore_M8 13 40.000 25.000 20.000 15.000
>EMYcore_M8 14 35.000 40.000 10.000 15.000
>EMYcore_M8 15 15.000 40.000 25.000 20.000
>EMYcore_M9 1 20.000 40.000 15.000 25.000
>EMYcore_M9 2 25.000 45.000 25.000 5.000
>EMYcore_M9 3 40.000 35.000 15.000 10.000
>EMYcore_M9 4 50.000 30.000 10.000 10.000
>EMYcore_M9 5 35.000 20.000 20.000 25.000
>EMYcore_M9 6 25.000 25.000 20.000 30.000
>EMYcore_M9 7 35.000 25.000 20.000 20.000
>EMYcore_M9 8 40.000 15.000 25.000 20.000
>EMYcore_M9 9 30.000 25.000 30.000 15.000
>EMYcore_M9 10 25.000 40.000 15.000 20.000
>EMYcore_M9 11 35.000 45.000 5.000 15.000
>EMYcore_M9 12 45.000 40.000 15.000 0.000
>EMYcore_M9 13 45.000 25.000 15.000 15.000
>EMYcore_M9 14 40.000 20.000 10.000 30.000
>EMYcore_M9 15 20.000 30.000 25.000 25.000
>EMYcore_M10 1 15.000 40.000 15.000 30.000
>EMYcore_M10 2 20.000 40.000 25.000 15.000
>EMYcore_M10 3 30.000 35.000 25.000 10.000
>EMYcore_M10 4 45.000 45.000 10.000 0.000
>EMYcore_M10 5 45.000 30.000 5.000 20.000
>EMYcore_M10 6 30.000 20.000 20.000 30.000
>EMYcore_M10 7 35.000 20.000 20.000 25.000
>EMYcore_M10 8 30.000 30.000 20.000 20.000
>EMYcore_M10 9 25.000 35.000 20.000 20.000
>EMYcore_M10 10 30.000 35.000 15.000 20.000
>EMYcore_M10 11 30.000 40.000 20.000 10.000
>EMYcore_M10 12 30.000 30.000 25.000 15.000
>EMYcore_M10 13 40.000 15.000 25.000 20.000
>EMYcore_M10 14 40.000 30.000 10.000 20.000
>EMYcore_M10 15 15.000 45.000 20.000 20.000
>EMYcore_L1 1 20.000 40.000 15.000 25.000
>EMYcore_L1 2 25.000 45.000 20.000 10.000
>EMYcore_L1 3 35.000 30.000 20.000 15.000
>EMYcore_L1 4 35.000 30.000 25.000 10.000
>EMYcore_L1 5 30.000 25.000 25.000 20.000
>EMYcore_L1 6 35.000 30.000 10.000 25.000
>EMYcore_L1 7 40.000 40.000 5.000 15.000
>EMYcore_L1 8 35.000 35.000 15.000 15.000
>EMYcore_L1 9 40.000 20.000 20.000 20.000
>EMYcore_L1 10 35.000 20.000 20.000 25.000
>EMYcore_L1 11 25.000 15.000 35.000 25.000
>EMYcore_L1 12 20.000 25.000 35.000 20.000
>EMYcore_L1 13 15.000 40.000 35.000 10.000
>EMYcore_L1 14 25.000 30.000 25.000 20.000
>EMYcore_L1 15 15.000 35.000 20.000 30.000
>EMYcore_L2 1 20.000 35.000 20.000 25.000
>EMYcore_L2 2 20.000 55.000 25.000 0.000
>EMYcore_L2 3 15.000 45.000 15.000 25.000
>EMYcore_L2 4 45.000 20.000 10.000 25.000
>EMYcore_L2 5 55.000 25.000 10.000 10.000
>EMYcore_L2 6 25.000 35.000 20.000 20.000
>EMYcore_L2 7 40.000 20.000 25.000 15.000
>EMYcore_L2 8 50.000 20.000 15.000 15.000
>EMYcore_L2 9 40.000 30.000 15.000 15.000
>EMYcore_L2 10 30.000 35.000 25.000 10.000
>EMYcore_L2 11 35.000 25.000 25.000 15.000
>EMYcore_L2 12 40.000 30.000 15.000 15.000
>EMYcore_L2 13 35.000 25.000 35.000 5.000
>EMYcore_L2 14 35.000 15.000 30.000 20.000
>EMYcore_L2 15 15.000 35.000 20.000 30.000
>EMYcore_L3 1 25.000 35.000 15.000 25.000
>EMYcore_L3 2 40.000 40.000 10.000 10.000
>EMYcore_L3 3 35.000 30.000 15.000 20.000
>EMYcore_L3 4 30.000 30.000 20.000 20.000
>EMYcore_L3 5 30.000 30.000 15.000 25.000
>EMYcore_L3 6 25.000 30.000 25.000 20.000
>EMYcore_L3 7 20.000 45.000 15.000 20.000
>EMYcore_L3 8 35.000 45.000 0.000 20.000
>EMYcore_L3 9 45.000 25.000 25.000 5.000
>EMYcore_L3 10 35.000 20.000 35.000 10.000
>EMYcore_L3 11 40.000 20.000 20.000 20.000
>EMYcore_L3 12 40.000 20.000 25.000 15.000
>EMYcore_L3 13 25.000 35.000 20.000 20.000
>EMYcore_L3 14 25.000 40.000 5.000 30.000
>EMYcore_L3 15 20.000 35.000 20.000 25.000
>EMYcore_L4 1 20.000 35.000 15.000 30.000
>EMYcore_L4 2 35.000 45.000 10.000 10.000
>EMYcore_L4 3 30.000 40.000 10.000 20.000
>EMYcore_L4 4 35.000 30.000 15.000 20.000
>EMYcore_L4 5 40.000 25.000 20.000 15.000
>EMYcore_L4 6 30.000 25.000 30.000 15.000
>EMYcore_L4 7 35.000 25.000 20.000 20.000
>EMYcore_L4 8 30.000 35.000 10.000 25.000
>EMYcore_L4 9 25.000 35.000 20.000 20.000
>EMYcore_L4 10 25.000 30.000 30.000 15.000
>EMYcore_L4 11 45.000 20.000 25.000 10.000
>EMYcore_L4 12 55.000 20.000 15.000 10.000
>EMYcore_L4 13 30.000 20.000 40.000 10.000
>EMYcore_L4 14 20.000 20.000 35.000 25.000
>EMYcore_L4 15 15.000 35.000 20.000 30.000
>EMYcore_L5 1 20.000 35.000 20.000 25.000
>EMYcore_L5 2 30.000 50.000 20.000 0.000
>EMYcore_L5 3 50.000 35.000 10.000 5.000
>EMYcore_L5 4 35.000 25.000 15.000 25.000
>EMYcore_L5 5 20.000 40.000 20.000 20.000
>EMYcore_L5 6 25.000 30.000 20.000 25.000
>EMYcore_L5 7 20.000 15.000 25.000 40.000
>EMYcore_L5 8 25.000 15.000 30.000 30.000
>EMYcore_L5 9 35.000 30.000 15.000 20.000
>EMYcore_L5 10 50.000 35.000 10.000 5.000
>EMYcore_L5 11 40.000 15.000 35.000 10.000
>EMYcore_L5 12 20.000 30.000 30.000 20.000
>EMYcore_L5 13 30.000 30.000 30.000 10.000
>EMYcore_L5 14 30.000 15.000 30.000 25.000
>EMYcore_L5 15 10.000 30.000 25.000 35.000
>EMYcore_L6 1 25.000 35.000 15.000 25.000
>EMYcore_L6 2 30.000 35.000 25.000 10.000
>EMYcore_L6 3 40.000 25.000 15.000 20.000
>EMYcore_L6 4 30.000 30.000 15.000 25.000
>EMYcore_L6 5 25.000 30.000 25.000 20.000
>EMYcore_L6 6 35.000 35.000 20.000 10.000
>EMYcore_L6 7 25.000 35.000 20.000 20.000
>EMYcore_L6 8 25.000 40.000 15.000 20.000
>EMYcore_L6 9 50.000 25.000 15.000 10.000
>EMYcore_L6 10 55.000 20.000 20.000 5.000
>EMYcore_L6 11 45.000 20.000 25.000 10.000
>EMYcore_L6 12 40.000 20.000 25.000 15.000
>EMYcore_L6 13 20.000 30.000 35.000 15.000
>EMYcore_L6 14 15.000 20.000 30.000 35.000
>EMYcore_L6 15 10.000 30.000 25.000 35.000
>EMYcore_L7 1 20.000 35.000 15.000 30.000
>EMYcore_L7 2 15.000 40.000 30.000 15.000
>EMYcore_L7 3 20.000 30.000 35.000 15.000
>EMYcore_L7 4 40.000 35.000 20.000 5.000
>EMYcore_L7 5 30.000 35.000 10.000 25.000
>EMYcore_L7 6 35.000 25.000 10.000 30.000
>EMYcore_L7 7 45.000 25.000 15.000 15.000
>EMYcore_L7 8 35.000 40.000 10.000 15.000
>EMYcore_L7 9 50.000 35.000 5.000 10.000
>EMYcore_L7 10 45.000 20.000 20.000 15.000
>EMYcore_L7 11 25.000 15.000 40.000 20.000
>EMYcore_L7 12 15.000 30.000 30.000 25.000
>EMYcore_L7 13 30.000 35.000 10.000 25.000
>EMYcore_L7 14 50.000 25.000 5.000 20.000
>EMYcore_L7 15 25.000 35.000 20.000 20.000
>EMYcore_L8 1 15.000 45.000 15.000 25.000
>EMYcore_L8 2 15.000 55.000 15.000 15.000
>EMYcore_L8 3 35.000 30.000 20.000 15.000
>EMYcore_L8 4 45.000 15.000 25.000 15.000
>EMYcore_L8 5 30.000 25.000 20.000 25.000
>EMYcore_L8 6 35.000 35.000 15.000 15.000
>EMYcore_L8 7 40.000 30.000 20.000 10.000
>EMYcore_L8 8 40.000 30.000 15.000 15.000
>EMYcore_L8 9 45.000 25.000 10.000 20.000
>EMYcore_L8 10 45.000 15.000 20.000 20.000
>EMYcore_L8 11 35.000 20.000 30.000 15.000
>EMYcore_L8 12 15.000 45.000 30.000 10.000
>EMYcore_L8 13 30.000 40.000 20.000 10.000
>EMYcore_L8 14 40.000 25.000 15.000 20.000
>EMYcore_L8 15 15.000 35.000 25.000 25.000
>EMYcore_L9 1 20.000 40.000 15.000 25.000
>EMYcore_L9 2 35.000 45.000 15.000 5.000
>EMYcore_L9 3 35.000 25.000 25.000 15.000
>EMYcore_L9 4 15.000 25.000 35.000 25.000
>EMYcore_L9 5 25.000 35.000 15.000 25.000
>EMYcore_L9 6 40.000 35.000 5.000 20.000
>EMYcore_L9 7 55.000 25.000 10.000 10.000
>EMYcore_L9 8 50.000 40.000 10.000 0.000
>EMYcore_L9 9 30.000 30.000 20.000 20.000
>EMYcore_L9 10 30.000 15.000 25.000 30.000
>EMYcore_L9 11 30.000 15.000 35.000 20.000
>EMYcore_L9 12 20.000 10.000 35.000 35.000
>EMYcore_L9 13 20.000 40.000 15.000 25.000
>EMYcore_L9 14 40.000 45.000 5.000 10.000
>EMYcore_L9 15 25.000 35.000 20.000 20.000
>EMYcore_L10 1 25.000 35.000 15.000 25.000
>EMYcore_L10 2 30.000 35.000 15.000 20.000
>EMYcore_L10 3 35.000 25.000 10.000 30.000
>EMYcore_L10 4 30.000 35.000 15.000 20.000
>EMYcore_L10 5 35.000 40.000 15.000 10.000
>EMYcore_L10 6 40.000 30.000 25.000 5.000
>EMYcore_L10 7 40.000 20.000 25.000 15.000
>EMYcore_L10 8 40.000 30.000 20.000 10.000
>EMYcore_L10 9 30.000 35.000 20.000 15.000
>EMYcore_L10 10 30.000 20.000 15.000 35.000
>EMYcore_L10 11 30.000 15.000 25.000 30.000
>EMYcore_L10 12 25.000 40.000 15.000 20.000
>EMYcore_L10 13 40.000 40.000 5.000 15.000
>EMYcore_L10 14 55.000 25.000 5.000 15.000
>EMYcore_L10 15 25.000 35.000 20.000 20.000
