>EMYpro_1 1 20.000 50.000 10.000 20.000
>EMYpro_1 2 15.000 75.000 0.000 10.000
>EMYpro_1 3 15.000 60.000 20.000 5.000
>EMYpro_1 4 20.000 30.000 40.000 10.000
>EMYpro_1 5 25.000 35.000 35.000 5.000
>EMYpro_1 6 35.000 30.000 30.000 5.000
>EMYpro_1 7 30.000 30.000 25.000 15.000
>EMYpro_1 8 25.000 50.000 15.000 10.000
>EMYpro_1 9 40.000 55.000 5.000 0.000
>EMYpro_1 10 30.000 55.000 5.000 10.000
>EMYpro_1 11 10.000 40.000 25.000 25.000
>EMYpro_1 12 20.000 40.000 25.000 15.000
>EMYpro_1 13 30.000 45.000 20.000 5.000
>EMYpro_1 14 20.000 40.000 30.000 10.000
>EMYpro_1 15 25.000 40.000 20.000 15.000
>EMYpro_1 16 20.000 65.000 5.000 10.000
>EMYpro_1 17 20.000 70.000 5.000 5.000
>EMYpro_1 18 30.000 40.000 20.000 10.000
>EMYpro_1 19 20.000 35.000 25.000 20.000
>EMYpro_1 20 15.000 60.000 10.000 15.000
>EMYpro_1 21 10.000 80.000 0.000 10.000
>EMYpro_1 22 15.000 65.000 10.000 10.000
>EMYpro_1 23 20.000 55.000 20.000 5.000
>EMYpro_1 24 30.000 55.000 10.000 5.000
>EMYpro_1 25 30.000 65.000 0.000 5.000
>EMYpro_1 26 20.000 65.000 10.000 5.000
>EMYpro_1 27 35.000 50.000 15.000 0.000
>EMYpro_1 28 40.000 30.000 20.000 10.000
>EMYpro_1 29 25.000 25.000 20.000 30.000
>EMYpro_1 30 25.000 35.000 15.000 25.000
>EMYpro_1 31 30.000 45.000 20.000 5.000
>EMYpro_1 32 25.000 55.000 20.000 0.000
>EMYpro_1 33 20.000 50.000 25.000 5.000
>EMYpro_1 34 20.000 55.000 15.000 10.000
>EMYpro_1 35 25.000 65.000 0.000 10.000
>EMYpro_1 36 35.000 50.000 10.000 5.000
>EMYpro_1 37 40.000 30.000 25.000 5.000
>EMYpro_1 38 55.000 10.000 20.000 15.000
>EMYpro_2 1 15.000 65.000 10.000 10.000
>EMYpro_2 2 15.000 85.000 0.000 0.000
>EMYpro_2 3 10.000 60.000 20.000 10.000
>EMYpro_2 4 15.000 45.000 25.000 15.000
>EMYpro_2 5 25.000 45.000 15.000 15.000
>EMYpro_2 6 30.000 35.000 15.000 20.000
>EMYpro_2 7 40.000 30.000 10.000 20.000
>EMYpro_2 8 35.000 40.000 10.000 15.000
>EMYpro_2 9 20.000 60.000 5.000 15.000
>EMYpro_2 10 30.000 40.000 10.000 20.000
>EMYpro_2 11 25.000 25.000 30.000 20.000
>EMYpro_2 12 15.000 30.000 35.000 20.000
>EMYpro_2 13 35.000 25.000 25.000 15.000
>EMYpro_2 14 35.000 35.000 20.000 10.000
>EMYpro_2 15 20.000 55.000 15.000 10.000
>EMYpro_2 16 10.000 80.000 5.000 5.000
>EMYpro_2 17 10.000 65.000 20.000 5.000
>EMYpro_2 18 15.000 35.000 25.000 25.000
>EMYpro_2 19 20.000 45.000 5.000 30.000
>EMYpro_2 20 15.000 75.000 0.000 10.000
>EMYpro_2 21 10.000 85.000 5.000 0.000
>EMYpro_2 22 15.000 60.000 20.000 5.000
>EMYpro_2 23 20.000 45.000 25.000 10.000
>EMYpro_2 24 20.000 65.000 10.000 5.000
>EMYpro_2 25 10.000 85.000 0.000 5.000
>EMYpro_2 26 10.000 75.000 10.000 5.000
>EMYpro_2 27 30.000 50.000 10.000 10.000
>EMYpro_2 28 45.000 20.000 15.000 20.000
>EMYpro_2 29 25.000 30.000 30.000 15.000
>EMYpro_2 30 20.000 50.000 25.000 5.000
>EMYpro_2 31 35.000 30.000 20.000 15.000
>EMYpro_2 32 35.000 30.000 20.000 15.000
>EMYpro_2 33 25.000 50.000 20.000 5.000
>EMYpro_2 34 20.000 45.000 25.000 10.000
>EMYpro_2 35 15.000 45.000 25.000 15.000
>EMYpro_2 36 25.000 50.000 15.000 10.000
>EMYpro_2 37 35.000 40.000 15.000 10.000
>EMYpro_2 38 35.000 20.000 25.000 20.000
>EMYpro_3 1 20.000 50.000 15.000 15.000
>EMYpro_3 2 15.000 85.000 0.000 0.000
>EMYpro_3 3 5.000 60.000 25.000 10.000
>EMYpro_3 4 25.000 25.000 40.000 10.000
>EMYpro_3 5 40.000 35.000 20.000 5.000
>EMYpro_3 6 40.000 40.000 15.000 5.000
>EMYpro_3 7 50.000 25.000 15.000 10.000
>EMYpro_3 8 30.000 40.000 10.000 20.000
>EMYpro_3 9 15.000 45.000 20.000 20.000
>EMYpro_3 10 25.000 45.000 15.000 15.000
>EMYpro_3 11 20.000 60.000 5.000 15.000
>EMYpro_3 12 15.000 55.000 10.000 20.000
>EMYpro_3 13 30.000 40.000 15.000 15.000
>EMYpro_3 14 35.000 30.000 30.000 5.000
>EMYpro_3 15 25.000 40.000 20.000 15.000
>EMYpro_3 16 25.000 60.000 0.000 15.000
>EMYpro_3 17 25.000 65.000 5.000 5.000
>EMYpro_3 18 30.000 55.000 5.000 10.000
>EMYpro_3 19 40.000 35.000 10.000 15.000
>EMYpro_3 20 25.000 55.000 10.000 10.000
>EMYpro_3 21 10.000 85.000 5.000 0.000
>EMYpro_3 22 30.000 50.000 20.000 0.000
>EMYpro_3 23 45.000 30.000 20.000 5.000
>EMYpro_3 24 25.000 60.000 5.000 10.000
>EMYpro_3 25 20.000 70.000 0.000 10.000
>EMYpro_3 26 20.000 60.000 10.000 10.000
>EMYpro_3 27 25.000 45.000 25.000 5.000
>EMYpro_3 28 35.000 30.000 25.000 10.000
>EMYpro_3 29 30.000 25.000 10.000 35.000
>EMYpro_3 30 25.000 35.000 10.000 30.000
>EMYpro_3 31 25.000 45.000 20.000 10.000
>EMYpro_3 32 25.000 40.000 25.000 10.000
>EMYpro_3 33 25.000 45.000 20.000 10.000
>EMYpro_3 34 25.000 55.000 5.000 15.000
>EMYpro_3 35 20.000 55.000 15.000 10.000
>EMYpro_3 36 20.000 45.000 30.000 5.000
>EMYpro_3 37 35.000 30.000 25.000 10.000
>EMYpro_3 38 45.000 25.000 20.000 10.000
>EMYpro_4 1 10.000 55.000 25.000 10.000
>EMYpro_4 2 10.000 75.000 10.000 5.000
>EMYpro_4 3 10.000 55.000 25.000 10.000
>EMYpro_4 4 10.000 45.000 30.000 15.000
>EMYpro_4 5 25.000 45.000 15.000 15.000
>EMYpro_4 6 35.000 35.000 10.000 20.000
>EMYpro_4 7 30.000 40.000 15.000 15.000
>EMYpro_4 8 30.000 40.000 20.000 10.000
>EMYpro_4 9 40.000 30.000 20.000 10.000
>EMYpro_4 10 35.000 40.000 15.000 10.000
>EMYpro_4 11 45.000 30.000 15.000 10.000
>EMYpro_4 12 45.000 35.000 10.000 10.000
>EMYpro_4 13 25.000 50.000 10.000 15.000
>EMYpro_4 14 35.000 35.000 20.000 10.000
>EMYpro_4 15 35.000 35.000 15.000 15.000
>EMYpro_4 16 15.000 70.000 5.000 10.000
>EMYpro_4 17 10.000 80.000 5.000 5.000
>EMYpro_4 18 30.000 35.000 10.000 25.000
>EMYpro_4 19 35.000 30.000 10.000 25.000
>EMYpro_4 20 15.000 70.000 10.000 5.000
>EMYpro_4 21 0.000 80.000 10.000 10.000
>EMYpro_4 22 10.000 55.000 10.000 25.000
>EMYpro_4 23 25.000 40.000 20.000 15.000
>EMYpro_4 24 25.000 60.000 15.000 0.000
>EMYpro_4 25 15.000 85.000 0.000 0.000
>EMYpro_4 26 5.000 75.000 15.000 5.000
>EMYpro_4 27 25.000 40.000 25.000 10.000
>EMYpro_4 28 45.000 30.000 20.000 5.000
>EMYpro_4 29 30.000 30.000 20.000 20.000
>EMYpro_4 30 25.000 35.000 10.000 30.000
>EMYpro_4 31 25.000 50.000 10.000 15.000
>EMYpro_4 32 25.000 50.000 15.000 10.000
>EMYpro_4 33 25.000 50.000 15.000 10.000
>EMYpro_4 34 25.000 45.000 20.000 10.000
>EMYpro_4 35 25.000 35.000 30.000 10.000
>EMYpro_4 36 35.000 25.000 30.000 10.000
>EMYpro_4 37 40.000 20.000 25.000 15.000
>EMYpro_4 38 50.000 15.000 25.000 10.000
>EMYpro_5 1 20.000 55.000 10.000 15.000
>EMYpro_5 2 15.000 75.000 5.000 5.000
>EMYpro_5 3 20.000 45.000 20.000 15.000
>EMYpro_5 4 20.000 35.000 25.000 20.000
>EMYpro_5 5 15.000 60.000 15.000 10.000
>EMYpro_5 6 25.000 50.000 15.000 10.000
>EMYpro_5 7 30.000 35.000 20.000 15.000
>EMYpro_5 8 25.000 30.000 20.000 25.000
>EMYpro_5 9 35.000 25.000 15.000 25.000
>EMYpro_5 10 30.000 40.000 10.000 20.000
>EMYpro_5 11 20.000 40.000 15.000 25.000
>EMYpro_5 12 30.000 30.000 25.000 15.000
>EMYpro_5 13 35.000 25.000 25.000 15.000
>EMYpro_5 14 35.000 35.000 20.000 10.000
>EMYpro_5 15 35.000 40.000 15.000 10.000
>EMYpro_5 16 20.000 65.000 5.000 10.000
>EMYpro_5 17 10.000 80.000 10.000 0.000
>EMYpro_5 18 25.000 45.000 25.000 5.000
>EMYpro_5 19 35.000 25.000 20.000 20.000
>EMYpro_5 20 20.000 60.000 5.000 15.000
>EMYpro_5 21 10.000 80.000 10.000 0.000
>EMYpro_5 22 15.000 50.000 20.000 15.000
>EMYpro_5 23 10.000 55.000 20.000 15.000
>EMYpro_5 24 5.000 80.000 15.000 0.000
>EMYpro_5 25 5.000 85.000 10.000 0.000
>EMYpro_5 26 10.000 70.000 20.000 0.000
>EMYpro_5 27 25.000 60.000 15.000 0.000
>EMYpro_5 28 40.000 40.000 5.000 15.000
>EMYpro_5 29 30.000 25.000 10.000 35.000
>EMYpro_5 30 20.000 40.000 20.000 20.000
>EMYpro_5 31 30.000 40.000 25.000 5.000
>EMYpro_5 32 35.000 35.000 25.000 5.000
>EMYpro_5 33 40.000 35.000 20.000 5.000
>EMYpro_5 34 35.000 40.000 5.000 20.000
>EMYpro_5 35 20.000 45.000 20.000 15.000
>EMYpro_5 36 40.000 35.000 25.000 0.000
>EMYpro_5 37 45.000 25.000 15.000 15.000
>EMYpro_5 38 50.000 15.000 20.000 15.000
>EMYpro_6 1 15.000 55.000 10.000 20.000
>EMYpro_6 2 15.000 75.000 5.000 5.000
>EMYpro_6 3 15.000 60.000 20.000 5.000
>EMYpro_6 4 30.000 40.000 20.000 10.000
>EMYpro_6 5 30.000 35.000 20.000 15.000
>EMYpro_6 6 30.000 35.000 30.000 5.000
>EMYpro_6 7 45.000 30.000 20.000 5.000
>EMYpro_6 8 30.000 45.000 15.000 10.000
>EMYpro_6 9 15.000 60.000 20.000 5.000
>EMYpro_6 10 20.000 55.000 15.000 10.000
>EMYpro_6 11 30.000 40.000 10.000 20.000
>EMYpro_6 12 40.000 25.000 15.000 20.000
>EMYpro_6 13 35.000 30.000 20.000 15.000
>EMYpro_6 14 25.000 40.000 15.000 20.000
>EMYpro_6 15 15.000 45.000 20.000 20.000
>EMYpro_6 16 5.000 75.000 15.000 5.000
>EMYpro_6 17 20.000 70.000 10.000 0.000
>EMYpro_6 18 40.000 45.000 15.000 0.000
>EMYpro_6 19 45.000 35.000 10.000 10.000
>EMYpro_6 20 25.000 60.000 5.000 10.000
>EMYpro_6 21 15.000 85.000 0.000 0.000
>EMYpro_6 22 20.000 50.000 15.000 15.000
>EMYpro_6 23 20.000 30.000 20.000 30.000
>EMYpro_6 24 35.000 40.000 10.000 15.000
>EMYpro_6 25 30.000 60.000 5.000 5.000
>EMYpro_6 26 15.000 65.000 15.000 5.000
>EMYpro_6 27 20.000 65.000 15.000 0.000
>EMYpro_6 28 20.000 55.000 5.000 20.000
>EMYpro_6 29 20.000 40.000 20.000 20.000
>EMYpro_6 30 45.000 25.000 20.000 10.000
>EMYpro_6 31 55.000 15.000 15.000 15.000
>EMYpro_6 32 40.000 20.000 30.000 10.000
>EMYpro_6 33 15.000 60.000 20.000 5.000
>EMYpro_6 34 10.000 70.000 10.000 10.000
>EMYpro_6 35 30.000 40.000 20.000 10.000
>EMYpro_6 36 45.000 30.000 25.000 0.000
>EMYpro_6 37 50.000 20.000 25.000 5.000
>EMYpro_6 38 55.000 20.000 15.000 10.000
>EMYpro_7 1 10.000 50.000 30.000 10.000
>EMYpro_7 2 5.000 85.000 10.000 0.000
>EMYpro_7 3 5.000 60.000 20.000 15.000
>EMYpro_7 4 10.000 35.000 25.000 30.000
>EMYpro_7 5 40.000 25.000 10.000 25.000
>EMYpro_7 6 50.000 25.000 10.000 15.000
>EMYpro_7 7 25.000 55.000 15.000 5.000
>EMYpro_7 8 20.000 50.000 20.000 10.000
>EMYpro_7 9 20.000 40.000 25.000 15.000
>EMYpro_7 10 15.000 60.000 20.000 5.000
>EMYpro_7 11 20.000 60.000 10.000 10.000
>EMYpro_7 12 20.000 45.000 15.000 20.000
>EMYpro_7 13 40.000 25.000 20.000 15.000
>EMYpro_7 14 40.000 30.000 20.000 10.000
>EMYpro_7 15 20.000 45.000 25.000 10.000
>EMYpro_7 16 25.000 55.000 15.000 5.000
>EMYpro_7 17 25.000 55.000 15.000 5.000
>EMYpro_7 18 20.000 40.000 20.000 20.000
>EMYpro_7 19 10.000 40.000 20.000 30.000
>EMYpro_7 20 0.000 60.000 20.000 20.000
>EMYpro_7 21 0.000 75.000 20.000 5.000
>EMYpro_7 22 20.000 50.000 25.000 5.000
>EMYpro_7 23 25.000 45.000 15.000 15.000
>EMYpro_7 24 15.000 70.000 5.000 10.000
>EMYpro_7 25 10.000 85.000 5.000 0.000
>EMYpro_7 26 10.000 70.000 15.000 5.000
>EMYpro_7 27 20.000 40.000 30.000 10.000
>EMYpro_7 28 15.000 40.000 30.000 15.000
>EMYpro_7 29 20.000 45.000 20.000 15.000
>EMYpro_7 30 35.000 30.000 10.000 25.000
>EMYpro_7 31 35.000 30.000 10.000 25.000
>EMYpro_7 32 25.000 45.000 20.000 10.000
>EMYpro_7 33 25.000 40.000 20.000 15.000
>EMYpro_7 34 30.000 35.000 25.000 10.000
>EMYpro_7 35 25.000 55.000 15.000 5.000
>EMYpro_7 36 30.000 55.000 10.000 5.000
>EMYpro_7 37 40.000 25.000 30.000 5.000
>EMYpro_7 38 50.000 10.000 30.000 10.000
>EMYpro_8 1 20.000 55.000 10.000 15.000
>EMYpro_8 2 15.000 85.000 0.000 0.000
>EMYpro_8 3 15.000 55.000 25.000 5.000
>EMYpro_8 4 25.000 25.000 35.000 15.000
>EMYpro_8 5 25.000 45.000 15.000 15.000
>EMYpro_8 6 25.000 40.000 15.000 20.000
>EMYpro_8 7 15.000 45.000 20.000 20.000
>EMYpro_8 8 20.000 55.000 20.000 5.000
>EMYpro_8 9 40.000 40.000 15.000 5.000
>EMYpro_8 10 40.000 50.000 5.000 5.000
>EMYpro_8 11 40.000 35.000 15.000 10.000
>EMYpro_8 12 35.000 15.000 25.000 25.000
>EMYpro_8 13 40.000 20.000 20.000 20.000
>EMYpro_8 14 35.000 25.000 15.000 25.000
>EMYpro_8 15 20.000 45.000 15.000 20.000
>EMYpro_8 16 10.000 80.000 10.000 0.000
>EMYpro_8 17 15.000 65.000 15.000 5.000
>EMYpro_8 18 30.000 30.000 25.000 15.000
>EMYpro_8 19 30.000 45.000 15.000 10.000
>EMYpro_8 20 15.000 75.000 10.000 0.000
>EMYpro_8 21 5.000 85.000 5.000 5.000
>EMYpro_8 22 15.000 60.000 10.000 15.000
>EMYpro_8 23 25.000 45.000 10.000 20.000
>EMYpro_8 24 15.000 75.000 0.000 10.000
>EMYpro_8 25 5.000 80.000 10.000 5.000
>EMYpro_8 26 5.000 60.000 25.000 10.000
>EMYpro_8 27 20.000 45.000 30.000 5.000
>EMYpro_8 28 35.000 30.000 15.000 20.000
>EMYpro_8 29 30.000 30.000 15.000 25.000
>EMYpro_8 30 35.000 30.000 20.000 15.000
>EMYpro_8 31 30.000 40.000 10.000 20.000
>EMYpro_8 32 25.000 40.000 20.000 15.000
>EMYpro_8 33 30.000 45.000 20.000 5.000
>EMYpro_8 34 35.000 50.000 10.000 5.000
>EMYpro_8 35 25.000 50.000 15.000 10.000
>EMYpro_8 36 20.000 45.000 20.000 15.000
>EMYpro_8 37 50.000 15.000 25.000 10.000
>EMYpro_8 38 60.000 10.000 25.000 5.000
>EMYpro_9 1 10.000 55.000 20.000 15.000
>EMYpro_9 2 5.000 75.000 15.000 5.000
>EMYpro_9 3 15.000 50.000 25.000 10.000
>EMYpro_9 4 25.000 40.000 25.000 10.000
>EMYpro_9 5 20.000 55.000 10.000 15.000
>EMYpro_9 6 15.000 55.000 15.000 15.000
>EMYpro_9 7 25.000 35.000 25.000 15.000
>EMYpro_9 8 50.000 15.000 20.000 15.000
>EMYpro_9 9 35.000 25.000 20.000 20.000
>EMYpro_9 10 25.000 40.000 15.000 20.000
>EMYpro_9 11 50.000 25.000 10.000 15.000
>EMYpro_9 12 40.000 15.000 25.000 20.000
>EMYpro_9 13 35.000 20.000 25.000 20.000
>EMYpro_9 14 35.000 25.000 15.000 25.000
>EMYpro_9 15 20.000 40.000 20.000 20.000
>EMYpro_9 16 5.000 75.000 15.000 5.000
>EMYpro_9 17 25.000 75.000 0.000 0.000
>EMYpro_9 18 30.000 55.000 10.000 5.000
>EMYpro_9 19 25.000 35.000 20.000 20.000
>EMYpro_9 20 20.000 55.000 10.000 15.000
>EMYpro_9 21 10.000 90.000 0.000 0.000
>EMYpro_9 22 30.000 60.000 5.000 5.000
>EMYpro_9 23 30.000 40.000 25.000 5.000
>EMYpro_9 24 15.000 60.000 20.000 5.000
>EMYpro_9 25 15.000 70.000 10.000 5.000
>EMYpro_9 26 20.000 60.000 20.000 0.000
>EMYpro_9 27 25.000 45.000 20.000 10.000
>EMYpro_9 28 30.000 35.000 25.000 10.000
>EMYpro_9 29 25.000 35.000 25.000 15.000
>EMYpro_9 30 25.000 30.000 20.000 25.000
>EMYpro_9 31 30.000 40.000 10.000 20.000
>EMYpro_9 32 25.000 55.000 5.000 15.000
>EMYpro_9 33 30.000 50.000 10.000 10.000
>EMYpro_9 34 35.000 40.000 20.000 5.000
>EMYpro_9 35 35.000 20.000 30.000 15.000
>EMYpro_9 36 40.000 15.000 25.000 20.000
>EMYpro_9 37 50.000 25.000 15.000 10.000
>EMYpro_9 38 60.000 15.000 10.000 15.000
>EMYpro_10 1 20.000 55.000 10.000 15.000
>EMYpro_10 2 20.000 75.000 5.000 0.000
>EMYpro_10 3 30.000 40.000 25.000 5.000
>EMYpro_10 4 35.000 25.000 30.000 10.000
>EMYpro_10 5 30.000 40.000 15.000 15.000
>EMYpro_10 6 35.000 35.000 15.000 15.000
>EMYpro_10 7 40.000 35.000 10.000 15.000
>EMYpro_10 8 35.000 45.000 5.000 15.000
>EMYpro_10 9 25.000 45.000 25.000 5.000
>EMYpro_10 10 35.000 40.000 20.000 5.000
>EMYpro_10 11 35.000 35.000 15.000 15.000
>EMYpro_10 12 20.000 50.000 20.000 10.000
>EMYpro_10 13 35.000 45.000 15.000 5.000
>EMYpro_10 14 35.000 30.000 30.000 5.000
>EMYpro_10 15 15.000 45.000 35.000 5.000
>EMYpro_10 16 5.000 75.000 15.000 5.000
>EMYpro_10 17 20.000 65.000 10.000 5.000
>EMYpro_10 18 25.000 30.000 25.000 20.000
>EMYpro_10 19 40.000 25.000 15.000 20.000
>EMYpro_10 20 35.000 60.000 0.000 5.000
>EMYpro_10 21 5.000 90.000 5.000 0.000
>EMYpro_10 22 15.000 65.000 10.000 10.000
>EMYpro_10 23 20.000 60.000 5.000 15.000
>EMYpro_10 24 15.000 80.000 0.000 5.000
>EMYpro_10 25 15.000 80.000 5.000 0.000
>EMYpro_10 26 15.000 65.000 20.000 0.000
>EMYpro_10 27 25.000 50.000 20.000 5.000
>EMYpro_10 28 40.000 30.000 15.000 15.000
>EMYpro_10 29 20.000 25.000 25.000 30.000
>EMYpro_10 30 20.000 30.000 20.000 30.000
>EMYpro_10 31 30.000 50.000 10.000 10.000
>EMYpro_10 32 20.000 60.000 15.000 5.000
>EMYpro_10 33 25.000 55.000 15.000 5.000
>EMYpro_10 34 30.000 45.000 15.000 10.000
>EMYpro_10 35 35.000 30.000 20.000 15.000
>EMYpro_10 36 35.000 30.000 20.000 15.000
>EMYpro_10 37 30.000 40.000 15.000 15.000
>EMYpro_10 38 40.000 25.000 20.000 15.000
>EMYpro_11 1 30.000 50.000 10.000 10.000
>EMYpro_11 2 30.000 60.000 10.000 0.000
>EMYpro_11 3 20.000 55.000 25.000 0.000
>EMYpro_11 4 20.000 55.000 25.000 0.000
>EMYpro_11 5 20.000 60.000 15.000 5.000
>EMYpro_11 6 15.000 55.000 10.000 20.000
>EMYpro_11 7 25.000 30.000 15.000 30.000
>EMYpro_11 8 35.000 20.000 30.000 15.000
>EMYpro_11 9 45.000 25.000 25.000 5.000
>EMYpro_11 10 40.000 35.000 10.000 15.000
>EMYpro_11 11 30.000 30.000 10.000 30.000
>EMYpro_11 12 30.000 30.000 15.000 25.000
>EMYpro_11 13 30.000 35.000 25.000 10.000
>EMYpro_11 14 30.000 30.000 20.000 20.000
>EMYpro_11 15 30.000 40.000 15.000 15.000
>EMYpro_11 16 30.000 60.000 10.000 0.000
>EMYpro_11 17 30.000 60.000 5.000 5.000
>EMYpro_11 18 30.000 40.000 20.000 10.000
>EMYpro_11 19 20.000 45.000 20.000 15.000
>EMYpro_11 20 15.000 70.000 5.000 10.000
>EMYpro_11 21 10.000 80.000 5.000 5.000
>EMYpro_11 22 20.000 60.000 10.000 10.000
>EMYpro_11 23 40.000 30.000 10.000 20.000
>EMYpro_11 24 25.000 50.000 5.000 20.000
>EMYpro_11 25 10.000 80.000 0.000 10.000
>EMYpro_11 26 10.000 70.000 15.000 5.000
>EMYpro_11 27 15.000 40.000 25.000 20.000
>EMYpro_11 28 30.000 40.000 10.000 20.000
>EMYpro_11 29 35.000 45.000 15.000 5.000
>EMYpro_11 30 30.000 30.000 25.000 15.000
>EMYpro_11 31 35.000 35.000 10.000 20.000
>EMYpro_11 32 40.000 35.000 5.000 20.000
>EMYpro_11 33 30.000 30.000 20.000 20.000
>EMYpro_11 34 15.000 40.000 25.000 20.000
>EMYpro_11 35 25.000 45.000 20.000 10.000
>EMYpro_11 36 55.000 25.000 20.000 0.000
>EMYpro_11 37 60.000 25.000 10.000 5.000
>EMYpro_11 38 40.000 30.000 15.000 15.000
>EMYpro_12 1 25.000 50.000 15.000 10.000
>EMYpro_12 2 25.000 70.000 5.000 0.000
>EMYpro_12 3 25.000 40.000 30.000 5.000
>EMYpro_12 4 30.000 15.000 35.000 20.000
>EMYpro_12 5 30.000 25.000 15.000 30.000
>EMYpro_12 6 30.000 40.000 5.000 25.000
>EMYpro_12 7 20.000 60.000 0.000 20.000
>EMYpro_12 8 25.000 50.000 10.000 15.000
>EMYpro_12 9 30.000 40.000 15.000 15.000
>EMYpro_12 10 25.000 40.000 10.000 25.000
>EMYpro_12 11 30.000 30.000 20.000 20.000
>EMYpro_12 12 35.000 30.000 30.000 5.000
>EMYpro_12 13 40.000 30.000 25.000 5.000
>EMYpro_12 14 25.000 30.000 35.000 10.000
>EMYpro_12 15 15.000 55.000 25.000 5.000
>EMYpro_12 16 10.000 90.000 0.000 0.000
>EMYpro_12 17 25.000 70.000 0.000 5.000
>EMYpro_12 18 35.000 35.000 20.000 10.000
>EMYpro_12 19 20.000 40.000 30.000 10.000
>EMYpro_12 20 25.000 55.000 15.000 5.000
>EMYpro_12 21 25.000 65.000 10.000 0.000
>EMYpro_12 22 30.000 45.000 20.000 5.000
>EMYpro_12 23 45.000 20.000 25.000 10.000
>EMYpro_12 24 40.000 25.000 20.000 15.000
>EMYpro_12 25 30.000 20.000 20.000 30.000
>EMYpro_12 26 25.000 30.000 25.000 20.000
>EMYpro_12 27 30.000 50.000 20.000 0.000
>EMYpro_12 28 25.000 50.000 10.000 15.000
>EMYpro_12 29 20.000 40.000 15.000 25.000
>EMYpro_12 30 40.000 25.000 20.000 15.000
>EMYpro_12 31 40.000 25.000 15.000 20.000
>EMYpro_12 32 30.000 40.000 15.000 15.000
>EMYpro_12 33 30.000 35.000 20.000 15.000
>EMYpro_12 34 35.000 20.000 25.000 20.000
>EMYpro_12 35 35.000 35.000 20.000 10.000
>EMYpro_12 36 35.000 45.000 10.000 10.000
>EMYpro_12 37 35.000 35.000 15.000 15.000
>EMYpro_12 38 45.000 25.000 15.000 15.000
>EMYpro_13 1 20.000 50.000 15.000 15.000
>EMYpro_13 2 15.000 65.000 10.000 10.000
>EMYpro_13 3 5.000 70.000 20.000 5.000
>EMYpro_13 4 10.000 50.000 30.000 10.000
>EMYpro_13 5 30.000 35.000 20.000 15.000
>EMYpro_13 6 20.000 55.000 15.000 10.000
>EMYpro_13 7 10.000 55.000 20.000 15.000
>EMYpro_13 8 25.000 45.000 15.000 15.000
>EMYpro_13 9 20.000 45.000 20.000 15.000
>EMYpro_13 10 20.000 25.000 30.000 25.000
>EMYpro_13 11 40.000 25.000 15.000 20.000
>EMYpro_13 12 40.000 40.000 10.000 10.000
>EMYpro_13 13 35.000 25.000 25.000 15.000
>EMYpro_13 14 20.000 35.000 25.000 20.000
>EMYpro_13 15 30.000 30.000 15.000 25.000
>EMYpro_13 16 55.000 10.000 15.000 20.000
>EMYpro_13 17 35.000 30.000 15.000 20.000
>EMYpro_13 18 40.000 35.000 10.000 15.000
>EMYpro_13 19 40.000 45.000 10.000 5.000
>EMYpro_13 20 20.000 50.000 20.000 10.000
>EMYpro_13 21 30.000 40.000 20.000 10.000
>EMYpro_13 22 35.000 45.000 15.000 5.000
>EMYpro_13 23 25.000 45.000 25.000 5.000
>EMYpro_13 24 20.000 50.000 20.000 10.000
>EMYpro_13 25 20.000 50.000 20.000 10.000
>EMYpro_13 26 10.000 55.000 25.000 10.000
>EMYpro_13 27 5.000 65.000 15.000 15.000
>EMYpro_13 28 20.000 35.000 25.000 20.000
>EMYpro_13 29 30.000 25.000 25.000 20.000
>EMYpro_13 30 35.000 40.000 15.000 10.000
>EMYpro_13 31 45.000 30.000 15.000 10.000
>EMYpro_13 32 40.000 35.000 10.000 15.000
>EMYpro_13 33 35.000 45.000 5.000 15.000
>EMYpro_13 34 30.000 40.000 15.000 15.000
>EMYpro_13 35 20.000 35.000 35.000 10.000
>EMYpro_13 36 35.000 30.000 30.000 5.000
>EMYpro_13 37 40.000 30.000 20.000 10.000
>EMYpro_13 38 40.000 25.000 20.000 15.000
>EMYpro_14 1 10.000 60.000 15.000 15.000
>EMYpro_14 2 5.000 75.000 10.000 10.000
>EMYpro_14 3 15.000 55.000 20.000 10.000
>EMYpro_14 4 20.000 45.000 25.000 10.000
>EMYpro_14 5 25.000 40.000 20.000 15.000
>EMYpro_14 6 20.000 40.000 25.000 15.000
>EMYpro_14 7 25.000 40.000 25.000 10.000
>EMYpro_14 8 45.000 30.000 15.000 10.000
>EMYpro_14 9 40.000 35.000 5.000 20.000
>EMYpro_14 10 45.000 35.000 5.000 15.000
>EMYpro_14 11 60.000 25.000 15.000 0.000
>EMYpro_14 12 40.000 30.000 20.000 10.000
>EMYpro_14 13 25.000 30.000 30.000 15.000
>EMYpro_14 14 20.000 35.000 40.000 5.000
>EMYpro_14 15 30.000 45.000 25.000 0.000
>EMYpro_14 16 40.000 55.000 5.000 0.000
>EMYpro_14 17 35.000 50.000 5.000 10.000
>EMYpro_14 18 30.000 40.000 10.000 20.000
>EMYpro_14 19 15.000 50.000 10.000 25.000
>EMYpro_14 20 10.000 70.000 5.000 15.000
>EMYpro_14 21 10.000 75.000 5.000 10.000
>EMYpro_14 22 20.000 50.000 15.000 15.000
>EMYpro_14 23 35.000 30.000 20.000 15.000
>EMYpro_14 24 20.000 60.000 10.000 10.000
>EMYpro_14 25 15.000 80.000 0.000 5.000
>EMYpro_14 26 20.000 65.000 10.000 5.000
>EMYpro_14 27 15.000 60.000 15.000 10.000
>EMYpro_14 28 35.000 35.000 15.000 15.000
>EMYpro_14 29 45.000 25.000 10.000 20.000
>EMYpro_14 30 35.000 30.000 15.000 20.000
>EMYpro_14 31 25.000 35.000 30.000 10.000
>EMYpro_14 32 25.000 40.000 25.000 10.000
>EMYpro_14 33 30.000 40.000 15.000 15.000
>EMYpro_14 34 25.000 45.000 10.000 20.000
>EMYpro_14 35 25.000 45.000 10.000 20.000
>EMYpro_14 36 25.000 40.000 20.000 15.000
>EMYpro_14 37 30.000 40.000 20.000 10.000
>EMYpro_14 38 45.000 30.000 20.000 5.000
>EMYpro_15 1 10.000 55.000 15.000 20.000
>EMYpro_15 2 10.000 75.000 10.000 5.000
>EMYpro_15 3 25.000 45.000 25.000 5.000
>EMYpro_15 4 40.000 25.000 20.000 15.000
>EMYpro_15 5 35.000 35.000 10.000 20.000
>EMYpro_15 6 20.000 35.000 25.000 20.000
>EMYpro_15 7 35.000 30.000 20.000 15.000
>EMYpro_15 8 55.000 30.000 10.000 5.000
>EMYpro_15 9 45.000 40.000 5.000 10.000
>EMYpro_15 10 25.000 45.000 20.000 10.000
>EMYpro_15 11 15.000 55.000 25.000 5.000
>EMYpro_15 12 25.000 55.000 10.000 10.000
>EMYpro_15 13 45.000 30.000 15.000 10.000
>EMYpro_15 14 45.000 25.000 25.000 5.000
>EMYpro_15 15 25.000 40.000 30.000 5.000
>EMYpro_15 16 5.000 75.000 15.000 5.000
>EMYpro_15 17 10.000 75.000 5.000 10.000
>EMYpro_15 18 20.000 45.000 20.000 15.000
>EMYpro_15 19 30.000 30.000 30.000 10.000
>EMYpro_15 20 20.000 50.000 20.000 10.000
>EMYpro_15 21 5.000 80.000 10.000 5.000
>EMYpro_15 22 20.000 55.000 20.000 5.000
>EMYpro_15 23 40.000 35.000 15.000 10.000
>EMYpro_15 24 30.000 60.000 5.000 5.000
>EMYpro_15 25 10.000 75.000 10.000 5.000
>EMYpro_15 26 15.000 60.000 15.000 10.000
>EMYpro_15 27 25.000 40.000 15.000 20.000
>EMYpro_15 28 30.000 35.000 15.000 20.000
>EMYpro_15 29 35.000 30.000 30.000 5.000
>EMYpro_15 30 40.000 25.000 20.000 15.000
>EMYpro_15 31 25.000 45.000 10.000 20.000
>EMYpro_15 32 30.000 40.000 15.000 15.000
>EMYpro_15 33 35.000 40.000 10.000 15.000
>EMYpro_15 34 20.000 55.000 15.000 10.000
>EMYpro_15 35 30.000 40.000 25.000 5.000
>EMYpro_15 36 40.000 35.000 15.000 10.000
>EMYpro_15 37 40.000 40.000 5.000 15.000
>EMYpro_15 38 45.000 25.000 20.000 10.000
>EMYpro_16 1 25.000 50.000 15.000 10.000
>EMYpro_16 2 20.000 65.000 10.000 5.000
>EMYpro_16 3 10.000 65.000 20.000 5.000
>EMYpro_16 4 15.000 55.000 30.000 0.000
>EMYpro_16 5 20.000 40.000 25.000 15.000
>EMYpro_16 6 30.000 25.000 20.000 25.000
>EMYpro_16 7 30.000 25.000 15.000 30.000
>EMYpro_16 8 25.000 35.000 10.000 30.000
>EMYpro_16 9 30.000 40.000 10.000 20.000
>EMYpro_16 10 40.000 35.000 10.000 15.000
>EMYpro_16 11 25.000 40.000 20.000 15.000
>EMYpro_16 12 10.000 50.000 25.000 15.000
>EMYpro_16 13 25.000 45.000 20.000 10.000
>EMYpro_16 14 30.000 45.000 20.000 5.000
>EMYpro_16 15 30.000 45.000 15.000 10.000
>EMYpro_16 16 15.000 70.000 5.000 10.000
>EMYpro_16 17 15.000 65.000 10.000 10.000
>EMYpro_16 18 30.000 35.000 15.000 20.000
>EMYpro_16 19 35.000 35.000 5.000 25.000
>EMYpro_16 20 35.000 45.000 0.000 20.000
>EMYpro_16 21 20.000 55.000 15.000 10.000
>EMYpro_16 22 15.000 50.000 20.000 15.000
>EMYpro_16 23 35.000 45.000 10.000 10.000
>EMYpro_16 24 40.000 40.000 15.000 5.000
>EMYpro_16 25 25.000 35.000 20.000 20.000
>EMYpro_16 26 15.000 40.000 30.000 15.000
>EMYpro_16 27 20.000 45.000 30.000 5.000
>EMYpro_16 28 30.000 40.000 15.000 15.000
>EMYpro_16 29 35.000 35.000 10.000 20.000
>EMYpro_16 30 30.000 30.000 15.000 25.000
>EMYpro_16 31 35.000 40.000 10.000 15.000
>EMYpro_16 32 40.000 35.000 10.000 15.000
>EMYpro_16 33 25.000 35.000 15.000 25.000
>EMYpro_16 34 15.000 55.000 15.000 15.000
>EMYpro_16 35 35.000 40.000 20.000 5.000
>EMYpro_16 36 45.000 25.000 20.000 10.000
>EMYpro_16 37 40.000 20.000 20.000 20.000
>EMYpro_16 38 45.000 30.000 10.000 15.000
>EMYpro_17 1 20.000 55.000 10.000 15.000
>EMYpro_17 2 10.000 75.000 5.000 10.000
>EMYpro_17 3 10.000 60.000 25.000 5.000
>EMYpro_17 4 30.000 45.000 20.000 5.000
>EMYpro_17 5 40.000 30.000 25.000 5.000
>EMYpro_17 6 25.000 30.000 35.000 10.000
>EMYpro_17 7 25.000 30.000 25.000 20.000
>EMYpro_17 8 45.000 30.000 15.000 10.000
>EMYpro_17 9 45.000 50.000 5.000 0.000
>EMYpro_17 10 20.000 55.000 15.000 10.000
>EMYpro_17 11 20.000 50.000 15.000 15.000
>EMYpro_17 12 25.000 45.000 15.000 15.000
>EMYpro_17 13 30.000 35.000 20.000 15.000
>EMYpro_17 14 25.000 45.000 10.000 20.000
>EMYpro_17 15 15.000 65.000 5.000 15.000
>EMYpro_17 16 10.000 85.000 5.000 0.000
>EMYpro_17 17 15.000 75.000 0.000 10.000
>EMYpro_17 18 40.000 45.000 5.000 10.000
>EMYpro_17 19 50.000 40.000 10.000 0.000
>EMYpro_17 20 25.000 65.000 10.000 0.000
>EMYpro_17 21 10.000 75.000 15.000 0.000
>EMYpro_17 22 20.000 50.000 25.000 5.000
>EMYpro_17 23 20.000 30.000 30.000 20.000
>EMYpro_17 24 10.000 55.000 15.000 20.000
>EMYpro_17 25 10.000 80.000 0.000 10.000
>EMYpro_17 26 10.000 70.000 10.000 10.000
>EMYpro_17 27 20.000 55.000 15.000 10.000
>EMYpro_17 28 40.000 30.000 15.000 15.000
>EMYpro_17 29 45.000 20.000 15.000 20.000
>EMYpro_17 30 30.000 40.000 10.000 20.000
>EMYpro_17 31 20.000 45.000 20.000 15.000
>EMYpro_17 32 35.000 35.000 15.000 15.000
>EMYpro_17 33 35.000 35.000 15.000 15.000
>EMYpro_17 34 30.000 30.000 30.000 10.000
>EMYpro_17 35 35.000 35.000 20.000 10.000
>EMYpro_17 36 40.000 40.000 10.000 10.000
>EMYpro_17 37 45.000 25.000 25.000 5.000
>EMYpro_17 38 45.000 25.000 20.000 10.000
>EMYpro_18 1 25.000 40.000 15.000 20.000
>EMYpro_18 2 35.000 60.000 5.000 0.000
>EMYpro_18 3 20.000 45.000 20.000 15.000
>EMYpro_18 4 30.000 30.000 20.000 20.000
>EMYpro_18 5 45.000 30.000 10.000 15.000
>EMYpro_18 6 45.000 20.000 10.000 25.000
>EMYpro_18 7 25.000 50.000 5.000 20.000
>EMYpro_18 8 0.000 70.000 25.000 5.000
>EMYpro_18 9 15.000 50.000 35.000 0.000
>EMYpro_18 10 35.000 45.000 20.000 0.000
>EMYpro_18 11 45.000 35.000 5.000 15.000
>EMYpro_18 12 50.000 15.000 10.000 25.000
>EMYpro_18 13 40.000 10.000 30.000 20.000
>EMYpro_18 14 25.000 35.000 25.000 15.000
>EMYpro_18 15 15.000 55.000 20.000 10.000
>EMYpro_18 16 5.000 75.000 15.000 5.000
>EMYpro_18 17 10.000 65.000 15.000 10.000
>EMYpro_18 18 25.000 40.000 25.000 10.000
>EMYpro_18 19 40.000 40.000 15.000 5.000
>EMYpro_18 20 25.000 60.000 5.000 10.000
>EMYpro_18 21 10.000 75.000 0.000 15.000
>EMYpro_18 22 20.000 50.000 15.000 15.000
>EMYpro_18 23 25.000 45.000 25.000 5.000
>EMYpro_18 24 15.000 75.000 10.000 0.000
>EMYpro_18 25 15.000 75.000 5.000 5.000
>EMYpro_18 26 25.000 55.000 15.000 5.000
>EMYpro_18 27 20.000 55.000 15.000 10.000
>EMYpro_18 28 20.000 40.000 15.000 25.000
>EMYpro_18 29 25.000 45.000 10.000 20.000
>EMYpro_18 30 35.000 40.000 15.000 10.000
>EMYpro_18 31 40.000 25.000 25.000 10.000
>EMYpro_18 32 45.000 20.000 25.000 10.000
>EMYpro_18 33 45.000 25.000 20.000 10.000
>EMYpro_18 34 35.000 40.000 15.000 10.000
>EMYpro_18 35 30.000 35.000 15.000 20.000
>EMYpro_18 36 35.000 30.000 15.000 20.000
>EMYpro_18 37 50.000 25.000 15.000 10.000
>EMYpro_18 38 55.000 10.000 15.000 20.000
>EMYpro_19 1 10.000 50.000 25.000 15.000
>EMYpro_19 2 10.000 75.000 10.000 5.000
>EMYpro_19 3 10.000 60.000 20.000 10.000
>EMYpro_19 4 15.000 50.000 25.000 10.000
>EMYpro_19 5 20.000 50.000 15.000 15.000
>EMYpro_19 6 35.000 45.000 10.000 10.000
>EMYpro_19 7 50.000 40.000 10.000 0.000
>EMYpro_19 8 30.000 35.000 20.000 15.000
>EMYpro_19 9 15.000 40.000 20.000 25.000
>EMYpro_19 10 30.000 45.000 10.000 15.000
>EMYpro_19 11 35.000 35.000 15.000 15.000
>EMYpro_19 12 35.000 40.000 10.000 15.000
>EMYpro_19 13 35.000 30.000 10.000 25.000
>EMYpro_19 14 35.000 10.000 30.000 25.000
>EMYpro_19 15 35.000 15.000 45.000 5.000
>EMYpro_19 16 30.000 45.000 25.000 0.000
>EMYpro_19 17 25.000 45.000 10.000 20.000
>EMYpro_19 18 30.000 40.000 10.000 20.000
>EMYpro_19 19 40.000 50.000 5.000 5.000
>EMYpro_19 20 20.000 70.000 5.000 5.000
>EMYpro_19 21 5.000 85.000 5.000 5.000
>EMYpro_19 22 20.000 65.000 10.000 5.000
>EMYpro_19 23 25.000 65.000 5.000 5.000
>EMYpro_19 24 20.000 75.000 0.000 5.000
>EMYpro_19 25 15.000 70.000 10.000 5.000
>EMYpro_19 26 15.000 60.000 20.000 5.000
>EMYpro_19 27 30.000 40.000 15.000 15.000
>EMYpro_19 28 35.000 35.000 10.000 20.000
>EMYpro_19 29 25.000 50.000 15.000 10.000
>EMYpro_19 30 25.000 40.000 20.000 15.000
>EMYpro_19 31 30.000 30.000 20.000 20.000
>EMYpro_19 32 45.000 25.000 20.000 10.000
>EMYpro_19 33 40.000 35.000 20.000 5.000
>EMYpro_19 34 30.000 40.000 25.000 5.000
>EMYpro_19 35 35.000 35.000 15.000 15.000
>EMYpro_19 36 25.000 45.000 10.000 20.000
>EMYpro_19 37 30.000 35.000 20.000 15.000
>EMYpro_19 38 35.000 30.000 15.000 20.000
>EMYpro_20 1 20.000 55.000 10.000 15.000
>EMYpro_20 2 10.000 80.000 5.000 5.000
>EMYpro_20 3 25.000 45.000 25.000 5.000
>EMYpro_20 4 40.000 15.000 35.000 10.000
>EMYpro_20 5 35.000 40.000 15.000 10.000
>EMYpro_20 6 30.000 55.000 10.000 5.000
>EMYpro_20 7 50.000 20.000 20.000 10.000
>EMYpro_20 8 40.000 25.000 15.000 20.000
>EMYpro_20 9 25.000 55.000 10.000 10.000
>EMYpro_20 10 25.000 50.000 15.000 10.000
>EMYpro_20 11 25.000 40.000 20.000 15.000
>EMYpro_20 12 30.000 35.000 10.000 25.000
>EMYpro_20 13 30.000 30.000 15.000 25.000
>EMYpro_20 14 35.000 25.000 25.000 15.000
>EMYpro_20 15 35.000 25.000 30.000 10.000
>EMYpro_20 16 15.000 65.000 20.000 0.000
>EMYpro_20 17 10.000 70.000 10.000 10.000
>EMYpro_20 18 25.000 40.000 15.000 20.000
>EMYpro_20 19 35.000 35.000 5.000 25.000
>EMYpro_20 20 20.000 60.000 5.000 15.000
>EMYpro_20 21 15.000 75.000 5.000 5.000
>EMYpro_20 22 30.000 55.000 5.000 10.000
>EMYpro_20 23 30.000 50.000 5.000 15.000
>EMYpro_20 24 15.000 65.000 10.000 10.000
>EMYpro_20 25 5.000 80.000 15.000 0.000
>EMYpro_20 26 10.000 75.000 15.000 0.000
>EMYpro_20 27 25.000 45.000 25.000 5.000
>EMYpro_20 28 30.000 40.000 20.000 10.000
>EMYpro_20 29 25.000 45.000 20.000 10.000
>EMYpro_20 30 30.000 35.000 20.000 15.000
>EMYpro_20 31 35.000 30.000 10.000 25.000
>EMYpro_20 32 40.000 35.000 5.000 20.000
>EMYpro_20 33 30.000 35.000 15.000 20.000
>EMYpro_20 34 20.000 35.000 30.000 15.000
>EMYpro_20 35 35.000 40.000 20.000 5.000
>EMYpro_20 36 45.000 35.000 5.000 15.000
>EMYpro_20 37 50.000 25.000 15.000 10.000
>EMYpro_20 38 35.000 25.000 20.000 20.000
>EMYpro_21 1 30.000 45.000 15.000 10.000
>EMYpro_21 2 25.000 65.000 5.000 5.000
>EMYpro_21 3 10.000 65.000 20.000 5.000
>EMYpro_21 4 15.000 55.000 20.000 10.000
>EMYpro_21 5 25.000 35.000 20.000 20.000
>EMYpro_21 6 20.000 30.000 25.000 25.000
>EMYpro_21 7 10.000 45.000 15.000 30.000
>EMYpro_21 8 30.000 40.000 15.000 15.000
>EMYpro_21 9 50.000 15.000 20.000 15.000
>EMYpro_21 10 45.000 20.000 15.000 20.000
>EMYpro_21 11 40.000 30.000 25.000 5.000
>EMYpro_21 12 30.000 35.000 30.000 5.000
>EMYpro_21 13 25.000 45.000 20.000 10.000
>EMYpro_21 14 30.000 35.000 25.000 10.000
>EMYpro_21 15 30.000 35.000 25.000 10.000
>EMYpro_21 16 30.000 55.000 10.000 5.000
>EMYpro_21 17 35.000 60.000 0.000 5.000
>EMYpro_21 18 35.000 40.000 20.000 5.000
>EMYpro_21 19 35.000 30.000 20.000 15.000
>EMYpro_21 20 30.000 45.000 5.000 20.000
>EMYpro_21 21 15.000 55.000 20.000 10.000
>EMYpro_21 22 25.000 40.000 20.000 15.000
>EMYpro_21 23 40.000 25.000 20.000 15.000
>EMYpro_21 24 25.000 50.000 20.000 5.000
>EMYpro_21 25 5.000 90.000 5.000 0.000
>EMYpro_21 26 5.000 80.000 15.000 0.000
>EMYpro_21 27 20.000 50.000 20.000 10.000
>EMYpro_21 28 40.000 35.000 10.000 15.000
>EMYpro_21 29 50.000 25.000 10.000 15.000
>EMYpro_21 30 30.000 30.000 15.000 25.000
>EMYpro_21 31 25.000 35.000 20.000 20.000
>EMYpro_21 32 35.000 35.000 15.000 15.000
>EMYpro_21 33 40.000 25.000 15.000 20.000
>EMYpro_21 34 35.000 25.000 20.000 20.000
>EMYpro_21 35 30.000 30.000 25.000 15.000
>EMYpro_21 36 30.000 25.000 25.000 20.000
>EMYpro_21 37 30.000 25.000 15.000 30.000
>EMYpro_21 38 50.000 20.000 10.000 20.000
>EMYpro_22 1 10.000 65.000 15.000 10.000
>EMYpro_22 2 10.000 75.000 10.000 5.000
>EMYpro_22 3 15.000 50.000 25.000 10.000
>EMYpro_22 4 35.000 20.000 30.000 15.000
>EMYpro_22 5 40.000 20.000 20.000 20.000
>EMYpro_22 6 35.000 25.000 30.000 10.000
>EMYpro_22 7 35.000 25.000 35.000 5.000
>EMYpro_22 8 30.000 40.000 20.000 10.000
>EMYpro_22 9 20.000 65.000 10.000 5.000
>EMYpro_22 10 15.000 70.000 15.000 0.000
>EMYpro_22 11 30.000 45.000 10.000 15.000
>EMYpro_22 12 25.000 45.000 5.000 25.000
>EMYpro_22 13 25.000 35.000 25.000 15.000
>EMYpro_22 14 25.000 25.000 35.000 15.000
>EMYpro_22 15 25.000 45.000 20.000 10.000
>EMYpro_22 16 35.000 60.000 5.000 0.000
>EMYpro_22 17 25.000 45.000 10.000 20.000
>EMYpro_22 18 25.000 40.000 15.000 20.000
>EMYpro_22 19 35.000 50.000 10.000 5.000
>EMYpro_22 20 20.000 50.000 15.000 15.000
>EMYpro_22 21 15.000 40.000 25.000 20.000
>EMYpro_22 22 35.000 30.000 20.000 15.000
>EMYpro_22 23 30.000 40.000 15.000 15.000
>EMYpro_22 24 30.000 45.000 10.000 15.000
>EMYpro_22 25 30.000 65.000 0.000 5.000
>EMYpro_22 26 15.000 70.000 10.000 5.000
>EMYpro_22 27 20.000 40.000 25.000 15.000
>EMYpro_22 28 30.000 25.000 25.000 20.000
>EMYpro_22 29 35.000 30.000 15.000 20.000
>EMYpro_22 30 35.000 40.000 10.000 15.000
>EMYpro_22 31 40.000 35.000 10.000 15.000
>EMYpro_22 32 35.000 25.000 20.000 20.000
>EMYpro_22 33 30.000 35.000 20.000 15.000
>EMYpro_22 34 35.000 30.000 20.000 15.000
>EMYpro_22 35 45.000 20.000 20.000 15.000
>EMYpro_22 36 40.000 25.000 20.000 15.000
>EMYpro_22 37 25.000 25.000 25.000 25.000
>EMYpro_22 38 30.000 35.000 15.000 20.000
>EMYpro_23 1 20.000 50.000 15.000 15.000
>EMYpro_23 2 25.000 60.000 10.000 5.000
>EMYpro_23 3 25.000 45.000 25.000 5.000
>EMYpro_23 4 25.000 30.000 30.000 15.000
>EMYpro_23 5 25.000 25.000 15.000 35.000
>EMYpro_23 6 40.000 35.000 5.000 20.000
>EMYpro_23 7 40.000 40.000 10.000 10.000
>EMYpro_23 8 25.000 45.000 15.000 15.000
>EMYpro_23 9 35.000 40.000 15.000 10.000
>EMYpro_23 10 30.000 30.000 25.000 15.000
>EMYpro_23 11 10.000 45.000 25.000 20.000
>EMYpro_23 12 10.000 60.000 15.000 15.000
>EMYpro_23 13 25.000 40.000 25.000 10.000
>EMYpro_23 14 35.000 35.000 25.000 5.000
>EMYpro_23 15 40.000 40.000 15.000 5.000
>EMYpro_23 16 35.000 50.000 10.000 5.000
>EMYpro_23 17 25.000 55.000 10.000 10.000
>EMYpro_23 18 25.000 45.000 10.000 20.000
>EMYpro_23 19 35.000 30.000 15.000 20.000
>EMYpro_23 20 50.000 20.000 20.000 10.000
>EMYpro_23 21 35.000 35.000 20.000 10.000
>EMYpro_23 22 10.000 40.000 25.000 25.000
>EMYpro_23 23 15.000 50.000 15.000 20.000
>EMYpro_23 24 20.000 60.000 10.000 10.000
>EMYpro_23 25 15.000 60.000 15.000 10.000
>EMYpro_23 26 15.000 60.000 20.000 5.000
>EMYpro_23 27 25.000 45.000 30.000 0.000
>EMYpro_23 28 40.000 25.000 25.000 10.000
>EMYpro_23 29 45.000 30.000 5.000 20.000
>EMYpro_23 30 35.000 35.000 5.000 25.000
>EMYpro_23 31 20.000 30.000 20.000 30.000
>EMYpro_23 32 20.000 30.000 20.000 30.000
>EMYpro_23 33 35.000 35.000 10.000 20.000
>EMYpro_23 34 30.000 45.000 10.000 15.000
>EMYpro_23 35 35.000 35.000 20.000 10.000
>EMYpro_23 36 40.000 30.000 20.000 10.000
>EMYpro_23 37 30.000 35.000 20.000 15.000
>EMYpro_23 38 40.000 30.000 15.000 15.000
>EMYpro_24 1 30.000 45.000 15.000 10.000
>EMYpro_24 2 30.000 55.000 10.000 5.000
>EMYpro_24 3 15.000 55.000 20.000 10.000
>EMYpro_24 4 15.000 40.000 25.000 20.000
>EMYpro_24 5 30.000 25.000 20.000 25.000
>EMYpro_24 6 20.000 45.000 15.000 20.000
>EMYpro_24 7 20.000 40.000 25.000 15.000
>EMYpro_24 8 25.000 30.000 30.000 15.000
>EMYpro_24 9 30.000 35.000 20.000 15.000
>EMYpro_24 10 35.000 35.000 25.000 5.000
>EMYpro_24 11 40.000 45.000 15.000 0.000
>EMYpro_24 12 35.000 50.000 0.000 15.000
>EMYpro_24 13 30.000 40.000 10.000 20.000
>EMYpro_24 14 40.000 30.000 20.000 10.000
>EMYpro_24 15 40.000 30.000 15.000 15.000
>EMYpro_24 16 35.000 50.000 5.000 10.000
>EMYpro_24 17 35.000 55.000 0.000 10.000
>EMYpro_24 18 35.000 35.000 10.000 20.000
>EMYpro_24 19 25.000 30.000 25.000 20.000
>EMYpro_24 20 10.000 55.000 20.000 15.000
>EMYpro_24 21 10.000 75.000 5.000 10.000
>EMYpro_24 22 15.000 60.000 15.000 10.000
>EMYpro_24 23 20.000 35.000 25.000 20.000
>EMYpro_24 24 15.000 55.000 10.000 20.000
>EMYpro_24 25 0.000 85.000 5.000 10.000
>EMYpro_24 26 5.000 70.000 20.000 5.000
>EMYpro_24 27 20.000 55.000 20.000 5.000
>EMYpro_24 28 35.000 40.000 15.000 10.000
>EMYpro_24 29 30.000 35.000 20.000 15.000
>EMYpro_24 30 30.000 25.000 15.000 30.000
>EMYpro_24 31 40.000 15.000 15.000 30.000
>EMYpro_24 32 40.000 20.000 20.000 20.000
>EMYpro_24 33 20.000 25.000 30.000 25.000
>EMYpro_24 34 15.000 45.000 20.000 20.000
>EMYpro_24 35 40.000 35.000 10.000 15.000
>EMYpro_24 36 55.000 15.000 15.000 15.000
>EMYpro_24 37 50.000 25.000 10.000 15.000
>EMYpro_24 38 50.000 20.000 15.000 15.000
>EMYpro_25 1 30.000 50.000 10.000 10.000
>EMYpro_25 2 20.000 70.000 5.000 5.000
>EMYpro_25 3 15.000 60.000 20.000 5.000
>EMYpro_25 4 40.000 35.000 20.000 5.000
>EMYpro_25 5 40.000 30.000 20.000 10.000
>EMYpro_25 6 20.000 35.000 25.000 20.000
>EMYpro_25 7 25.000 30.000 10.000 35.000
>EMYpro_25 8 25.000 35.000 15.000 25.000
>EMYpro_25 9 25.000 45.000 15.000 15.000
>EMYpro_25 10 25.000 40.000 25.000 10.000
>EMYpro_25 11 20.000 40.000 30.000 10.000
>EMYpro_25 12 20.000 45.000 10.000 25.000
>EMYpro_25 13 30.000 30.000 15.000 25.000
>EMYpro_25 14 25.000 25.000 25.000 25.000
>EMYpro_25 15 10.000 40.000 30.000 20.000
>EMYpro_25 16 25.000 45.000 20.000 10.000
>EMYpro_25 17 40.000 45.000 5.000 10.000
>EMYpro_25 18 40.000 35.000 5.000 20.000
>EMYpro_25 19 35.000 30.000 10.000 25.000
>EMYpro_25 20 30.000 35.000 20.000 15.000
>EMYpro_25 21 35.000 30.000 30.000 5.000
>EMYpro_25 22 30.000 45.000 20.000 5.000
>EMYpro_25 23 30.000 40.000 15.000 15.000
>EMYpro_25 24 45.000 25.000 15.000 15.000
>EMYpro_25 25 35.000 40.000 5.000 20.000
>EMYpro_25 26 15.000 50.000 15.000 20.000
>EMYpro_25 27 40.000 40.000 15.000 5.000
>EMYpro_25 28 45.000 35.000 5.000 15.000
>EMYpro_25 29 25.000 35.000 20.000 20.000
>EMYpro_25 30 35.000 35.000 20.000 10.000
>EMYpro_25 31 30.000 25.000 20.000 25.000
>EMYpro_25 32 35.000 20.000 20.000 25.000
>EMYpro_25 33 45.000 30.000 10.000 15.000
>EMYpro_25 34 35.000 40.000 15.000 10.000
>EMYpro_25 35 30.000 35.000 20.000 15.000
>EMYpro_25 36 20.000 35.000 20.000 25.000
>EMYpro_25 37 30.000 30.000 15.000 25.000
>EMYpro_25 38 45.000 15.000 15.000 25.000
>EMYpro_26 1 20.000 45.000 25.000 10.000
>EMYpro_26 2 25.000 55.000 10.000 10.000
>EMYpro_26 3 25.000 35.000 25.000 15.000
>EMYpro_26 4 45.000 15.000 25.000 15.000
>EMYpro_26 5 50.000 20.000 15.000 15.000
>EMYpro_26 6 30.000 40.000 10.000 20.000
>EMYpro_26 7 15.000 45.000 20.000 20.000
>EMYpro_26 8 25.000 40.000 25.000 10.000
>EMYpro_26 9 25.000 45.000 20.000 10.000
>EMYpro_26 10 20.000 45.000 25.000 10.000
>EMYpro_26 11 30.000 45.000 15.000 10.000
>EMYpro_26 12 30.000 40.000 20.000 10.000
>EMYpro_26 13 30.000 25.000 25.000 20.000
>EMYpro_26 14 40.000 30.000 10.000 20.000
>EMYpro_26 15 50.000 25.000 15.000 10.000
>EMYpro_26 16 45.000 25.000 15.000 15.000
>EMYpro_26 17 45.000 25.000 10.000 20.000
>EMYpro_26 18 40.000 20.000 15.000 25.000
>EMYpro_26 19 30.000 50.000 5.000 15.000
>EMYpro_26 20 30.000 65.000 5.000 0.000
>EMYpro_26 21 25.000 60.000 10.000 5.000
>EMYpro_26 22 10.000 60.000 15.000 15.000
>EMYpro_26 23 25.000 35.000 25.000 15.000
>EMYpro_26 24 30.000 30.000 30.000 10.000
>EMYpro_26 25 15.000 55.000 20.000 10.000
>EMYpro_26 26 25.000 55.000 15.000 5.000
>EMYpro_26 27 35.000 35.000 25.000 5.000
>EMYpro_26 28 40.000 20.000 20.000 20.000
>EMYpro_26 29 25.000 35.000 10.000 30.000
>EMYpro_26 30 20.000 40.000 15.000 25.000
>EMYpro_26 31 35.000 35.000 15.000 15.000
>EMYpro_26 32 45.000 30.000 10.000 15.000
>EMYpro_26 33 45.000 25.000 10.000 20.000
>EMYpro_26 34 35.000 20.000 25.000 20.000
>EMYpro_26 35 25.000 35.000 25.000 15.000
>EMYpro_26 36 30.000 40.000 25.000 5.000
>EMYpro_26 37 35.000 25.000 20.000 20.000
>EMYpro_26 38 35.000 25.000 15.000 25.000
>EMYpro_27 1 15.000 60.000 15.000 10.000
>EMYpro_27 2 10.000 75.000 5.000 10.000
>EMYpro_27 3 20.000 45.000 20.000 15.000
>EMYpro_27 4 30.000 30.000 30.000 10.000
>EMYpro_27 5 35.000 35.000 25.000 5.000
>EMYpro_27 6 45.000 30.000 15.000 10.000
>EMYpro_27 7 25.000 50.000 10.000 15.000
>EMYpro_27 8 25.000 45.000 5.000 25.000
>EMYpro_27 9 30.000 30.000 15.000 25.000
>EMYpro_27 10 25.000 45.000 20.000 10.000
>EMYpro_27 11 30.000 45.000 20.000 5.000
>EMYpro_27 12 25.000 40.000 35.000 0.000
>EMYpro_27 13 30.000 30.000 35.000 5.000
>EMYpro_27 14 25.000 20.000 45.000 10.000
>EMYpro_27 15 15.000 40.000 40.000 5.000
>EMYpro_27 16 25.000 40.000 25.000 10.000
>EMYpro_27 17 25.000 40.000 20.000 15.000
>EMYpro_27 18 15.000 50.000 20.000 15.000
>EMYpro_27 19 25.000 35.000 25.000 15.000
>EMYpro_27 20 30.000 45.000 15.000 10.000
>EMYpro_27 21 40.000 45.000 10.000 5.000
>EMYpro_27 22 45.000 35.000 15.000 5.000
>EMYpro_27 23 20.000 40.000 25.000 15.000
>EMYpro_27 24 20.000 35.000 20.000 25.000
>EMYpro_27 25 40.000 30.000 10.000 20.000
>EMYpro_27 26 35.000 45.000 15.000 5.000
>EMYpro_27 27 35.000 45.000 15.000 5.000
>EMYpro_27 28 40.000 25.000 20.000 15.000
>EMYpro_27 29 40.000 20.000 20.000 20.000
>EMYpro_27 30 35.000 25.000 10.000 30.000
>EMYpro_27 31 20.000 35.000 20.000 25.000
>EMYpro_27 32 25.000 25.000 25.000 25.000
>EMYpro_27 33 55.000 10.000 15.000 20.000
>EMYpro_27 34 45.000 40.000 15.000 0.000
>EMYpro_27 35 15.000 50.000 20.000 15.000
>EMYpro_27 36 25.000 35.000 20.000 20.000
>EMYpro_27 37 35.000 25.000 25.000 15.000
>EMYpro_27 38 45.000 20.000 15.000 20.000
>EMYpro_28 1 20.000 50.000 20.000 10.000
>EMYpro_28 2 20.000 70.000 10.000 0.000
>EMYpro_28 3 25.000 45.000 25.000 5.000
>EMYpro_28 4 30.000 30.000 25.000 15.000
>EMYpro_28 5 25.000 45.000 10.000 20.000
>EMYpro_28 6 30.000 40.000 15.000 15.000
>EMYpro_28 7 30.000 35.000 15.000 20.000
>EMYpro_28 8 20.000 35.000 25.000 20.000
>EMYpro_28 9 30.000 30.000 30.000 10.000
>EMYpro_28 10 40.000 30.000 15.000 15.000
>EMYpro_28 11 35.000 40.000 5.000 20.000
>EMYpro_28 12 35.000 45.000 5.000 15.000
>EMYpro_28 13 35.000 35.000 15.000 15.000
>EMYpro_28 14 35.000 15.000 35.000 15.000
>EMYpro_28 15 30.000 35.000 30.000 5.000
>EMYpro_28 16 10.000 85.000 5.000 0.000
>EMYpro_28 17 20.000 70.000 10.000 0.000
>EMYpro_28 18 40.000 35.000 15.000 10.000
>EMYpro_28 19 35.000 30.000 10.000 25.000
>EMYpro_28 20 20.000 40.000 20.000 20.000
>EMYpro_28 21 25.000 50.000 20.000 5.000
>EMYpro_28 22 40.000 40.000 10.000 10.000
>EMYpro_28 23 35.000 40.000 5.000 20.000
>EMYpro_28 24 20.000 45.000 15.000 20.000
>EMYpro_28 25 25.000 30.000 25.000 20.000
>EMYpro_28 26 25.000 40.000 25.000 10.000
>EMYpro_28 27 25.000 35.000 25.000 15.000
>EMYpro_28 28 40.000 25.000 15.000 20.000
>EMYpro_28 29 35.000 35.000 15.000 15.000
>EMYpro_28 30 30.000 35.000 10.000 25.000
>EMYpro_28 31 45.000 30.000 10.000 15.000
>EMYpro_28 32 35.000 30.000 30.000 5.000
>EMYpro_28 33 20.000 35.000 30.000 15.000
>EMYpro_28 34 25.000 40.000 15.000 20.000
>EMYpro_28 35 30.000 30.000 15.000 25.000
>EMYpro_28 36 50.000 10.000 20.000 20.000
>EMYpro_28 37 55.000 10.000 20.000 15.000
>EMYpro_28 38 40.000 30.000 15.000 15.000
>EMYpro_29 1 5.000 60.000 15.000 20.000
>EMYpro_29 2 5.000 75.000 10.000 10.000
>EMYpro_29 3 10.000 55.000 25.000 10.000
>EMYpro_29 4 15.000 50.000 25.000 10.000
>EMYpro_29 5 25.000 60.000 10.000 5.000
>EMYpro_29 6 30.000 45.000 10.000 15.000
>EMYpro_29 7 20.000 45.000 10.000 25.000
>EMYpro_29 8 25.000 50.000 15.000 10.000
>EMYpro_29 9 30.000 50.000 10.000 10.000
>EMYpro_29 10 35.000 55.000 0.000 10.000
>EMYpro_29 11 50.000 30.000 15.000 5.000
>EMYpro_29 12 35.000 20.000 30.000 15.000
>EMYpro_29 13 30.000 30.000 25.000 15.000
>EMYpro_29 14 30.000 25.000 35.000 10.000
>EMYpro_29 15 25.000 20.000 45.000 10.000
>EMYpro_29 16 25.000 30.000 20.000 25.000
>EMYpro_29 17 25.000 40.000 5.000 30.000
>EMYpro_29 18 30.000 30.000 15.000 25.000
>EMYpro_29 19 20.000 40.000 15.000 25.000
>EMYpro_29 20 20.000 40.000 25.000 15.000
>EMYpro_29 21 35.000 30.000 25.000 10.000
>EMYpro_29 22 35.000 40.000 15.000 10.000
>EMYpro_29 23 40.000 40.000 15.000 5.000
>EMYpro_29 24 40.000 55.000 5.000 0.000
>EMYpro_29 25 40.000 60.000 0.000 0.000
>EMYpro_29 26 30.000 60.000 10.000 0.000
>EMYpro_29 27 25.000 45.000 25.000 5.000
>EMYpro_29 28 40.000 30.000 20.000 10.000
>EMYpro_29 29 45.000 30.000 15.000 10.000
>EMYpro_29 30 35.000 25.000 15.000 25.000
>EMYpro_29 31 25.000 25.000 20.000 30.000
>EMYpro_29 32 40.000 20.000 20.000 20.000
>EMYpro_29 33 40.000 20.000 20.000 20.000
>EMYpro_29 34 25.000 25.000 30.000 20.000
>EMYpro_29 35 25.000 40.000 15.000 20.000
>EMYpro_29 36 40.000 45.000 5.000 10.000
>EMYpro_29 37 45.000 40.000 15.000 0.000
>EMYpro_29 38 45.000 25.000 15.000 15.000
>EMYpro_30 1 35.000 40.000 15.000 10.000
>EMYpro_30 2 35.000 50.000 5.000 10.000
>EMYpro_30 3 20.000 35.000 20.000 25.000
>EMYpro_30 4 35.000 20.000 30.000 15.000
>EMYpro_30 5 55.000 25.000 15.000 5.000
>EMYpro_30 6 30.000 55.000 0.000 15.000
>EMYpro_30 7 15.000 55.000 10.000 20.000
>EMYpro_30 8 30.000 40.000 10.000 20.000
>EMYpro_30 9 20.000 40.000 15.000 25.000
>EMYpro_30 10 20.000 30.000 25.000 25.000
>EMYpro_30 11 30.000 45.000 15.000 10.000
>EMYpro_30 12 20.000 55.000 10.000 15.000
>EMYpro_30 13 30.000 35.000 15.000 20.000
>EMYpro_30 14 40.000 30.000 20.000 10.000
>EMYpro_30 15 25.000 40.000 25.000 10.000
>EMYpro_30 16 20.000 50.000 25.000 5.000
>EMYpro_30 17 30.000 35.000 20.000 15.000
>EMYpro_30 18 40.000 20.000 15.000 25.000
>EMYpro_30 19 30.000 30.000 15.000 25.000
>EMYpro_30 20 15.000 60.000 10.000 15.000
>EMYpro_30 21 15.000 80.000 5.000 0.000
>EMYpro_30 22 20.000 55.000 20.000 5.000
>EMYpro_30 23 25.000 45.000 15.000 15.000
>EMYpro_30 24 35.000 40.000 5.000 20.000
>EMYpro_30 25 20.000 35.000 25.000 20.000
>EMYpro_30 26 0.000 55.000 30.000 15.000
>EMYpro_30 27 15.000 45.000 25.000 15.000
>EMYpro_30 28 30.000 35.000 25.000 10.000
>EMYpro_30 29 50.000 40.000 10.000 0.000
>EMYpro_30 30 50.000 25.000 5.000 20.000
>EMYpro_30 31 25.000 25.000 20.000 30.000
>EMYpro_30 32 30.000 20.000 20.000 30.000
>EMYpro_30 33 35.000 25.000 20.000 20.000
>EMYpro_30 34 30.000 35.000 20.000 15.000
>EMYpro_30 35 25.000 40.000 15.000 20.000
>EMYpro_30 36 25.000 40.000 25.000 10.000
>EMYpro_30 37 30.000 25.000 25.000 20.000
>EMYpro_30 38 40.000 20.000 20.000 20.000
>EMYpro_31 1 30.000 40.000 15.000 15.000
>EMYpro_31 2 30.000 45.000 10.000 15.000
>EMYpro_31 3 25.000 35.000 25.000 15.000
>EMYpro_31 4 30.000 30.000 25.000 15.000
>EMYpro_31 5 30.000 30.000 15.000 25.000
>EMYpro_31 6 25.000 45.000 15.000 15.000
>EMYpro_31 7 20.000 65.000 10.000 5.000
>EMYpro_31 8 30.000 40.000 10.000 20.000
>EMYpro_31 9 35.000 30.000 5.000 30.000
>EMYpro_31 10 30.000 50.000 5.000 15.000
>EMYpro_31 11 30.000 50.000 20.000 0.000
>EMYpro_31 12 35.000 45.000 20.000 0.000
>EMYpro_31 13 40.000 35.000 15.000 10.000
>EMYpro_31 14 40.000 35.000 15.000 10.000
>EMYpro_31 15 30.000 35.000 25.000 10.000
>EMYpro_31 16 35.000 20.000 30.000 15.000
>EMYpro_31 17 30.000 50.000 10.000 10.000
>EMYpro_31 18 10.000 55.000 15.000 20.000
>EMYpro_31 19 20.000 35.000 25.000 20.000
>EMYpro_31 20 40.000 35.000 15.000 10.000
>EMYpro_31 21 40.000 35.000 10.000 15.000
>EMYpro_31 22 30.000 50.000 10.000 10.000
>EMYpro_31 23 30.000 45.000 15.000 10.000
>EMYpro_31 24 30.000 25.000 30.000 15.000
>EMYpro_31 25 25.000 30.000 30.000 15.000
>EMYpro_31 26 15.000 55.000 20.000 10.000
>EMYpro_31 27 20.000 50.000 20.000 10.000
>EMYpro_31 28 35.000 25.000 25.000 15.000
>EMYpro_31 29 35.000 25.000 25.000 15.000
>EMYpro_31 30 35.000 25.000 20.000 20.000
>EMYpro_31 31 40.000 30.000 10.000 20.000
>EMYpro_31 32 35.000 40.000 5.000 20.000
>EMYpro_31 33 30.000 35.000 15.000 20.000
>EMYpro_31 34 40.000 20.000 25.000 15.000
>EMYpro_31 35 40.000 20.000 20.000 20.000
>EMYpro_31 36 25.000 15.000 35.000 25.000
>EMYpro_31 37 15.000 30.000 35.000 20.000
>EMYpro_31 38 20.000 40.000 30.000 10.000
>EMYpro_32 1 10.000 55.000 10.000 25.000
>EMYpro_32 2 5.000 70.000 5.000 20.000
>EMYpro_32 3 20.000 50.000 25.000 5.000
>EMYpro_32 4 30.000 35.000 20.000 15.000
>EMYpro_32 5 25.000 35.000 10.000 30.000
>EMYpro_32 6 40.000 30.000 15.000 15.000
>EMYpro_32 7 40.000 40.000 15.000 5.000
>EMYpro_32 8 20.000 55.000 15.000 10.000
>EMYpro_32 9 25.000 50.000 20.000 5.000
>EMYpro_32 10 30.000 45.000 20.000 5.000
>EMYpro_32 11 40.000 35.000 15.000 10.000
>EMYpro_32 12 40.000 15.000 40.000 5.000
>EMYpro_32 13 35.000 15.000 40.000 10.000
>EMYpro_32 14 30.000 30.000 30.000 10.000
>EMYpro_32 15 20.000 45.000 30.000 5.000
>EMYpro_32 16 35.000 35.000 20.000 10.000
>EMYpro_32 17 45.000 30.000 15.000 10.000
>EMYpro_32 18 35.000 45.000 15.000 5.000
>EMYpro_32 19 20.000 55.000 10.000 15.000
>EMYpro_32 20 15.000 55.000 10.000 20.000
>EMYpro_32 21 30.000 40.000 20.000 10.000
>EMYpro_32 22 30.000 35.000 15.000 20.000
>EMYpro_32 23 25.000 40.000 20.000 15.000
>EMYpro_32 24 30.000 40.000 25.000 5.000
>EMYpro_32 25 40.000 40.000 15.000 5.000
>EMYpro_32 26 30.000 50.000 20.000 0.000
>EMYpro_32 27 15.000 55.000 25.000 5.000
>EMYpro_32 28 20.000 40.000 15.000 25.000
>EMYpro_32 29 45.000 20.000 15.000 20.000
>EMYpro_32 30 55.000 25.000 10.000 10.000
>EMYpro_32 31 30.000 35.000 15.000 20.000
>EMYpro_32 32 40.000 20.000 25.000 15.000
>EMYpro_32 33 45.000 20.000 15.000 20.000
>EMYpro_32 34 35.000 35.000 15.000 15.000
>EMYpro_32 35 35.000 35.000 25.000 5.000
>EMYpro_32 36 35.000 25.000 25.000 15.000
>EMYpro_32 37 40.000 30.000 15.000 15.000
>EMYpro_32 38 40.000 20.000 35.000 5.000
>EMYpro_33 1 20.000 55.000 10.000 15.000
>EMYpro_33 2 30.000 60.000 5.000 5.000
>EMYpro_33 3 15.000 45.000 25.000 15.000
>EMYpro_33 4 20.000 30.000 25.000 25.000
>EMYpro_33 5 35.000 25.000 20.000 20.000
>EMYpro_33 6 35.000 30.000 25.000 10.000
>EMYpro_33 7 40.000 35.000 20.000 5.000
>EMYpro_33 8 40.000 45.000 15.000 0.000
>EMYpro_33 9 30.000 50.000 15.000 5.000
>EMYpro_33 10 15.000 55.000 25.000 5.000
>EMYpro_33 11 25.000 50.000 25.000 0.000
>EMYpro_33 12 35.000 30.000 15.000 20.000
>EMYpro_33 13 30.000 25.000 15.000 30.000
>EMYpro_33 14 25.000 45.000 10.000 20.000
>EMYpro_33 15 35.000 35.000 15.000 15.000
>EMYpro_33 16 35.000 25.000 20.000 20.000
>EMYpro_33 17 10.000 50.000 15.000 25.000
>EMYpro_33 18 10.000 60.000 10.000 20.000
>EMYpro_33 19 30.000 50.000 10.000 10.000
>EMYpro_33 20 40.000 35.000 20.000 5.000
>EMYpro_33 21 35.000 30.000 25.000 10.000
>EMYpro_33 22 40.000 35.000 20.000 5.000
>EMYpro_33 23 35.000 30.000 25.000 10.000
>EMYpro_33 24 30.000 25.000 25.000 20.000
>EMYpro_33 25 50.000 20.000 10.000 20.000
>EMYpro_33 26 45.000 30.000 15.000 10.000
>EMYpro_33 27 35.000 45.000 10.000 10.000
>EMYpro_33 28 30.000 30.000 20.000 20.000
>EMYpro_33 29 30.000 30.000 20.000 20.000
>EMYpro_33 30 30.000 35.000 10.000 25.000
>EMYpro_33 31 25.000 30.000 25.000 20.000
>EMYpro_33 32 25.000 40.000 15.000 20.000
>EMYpro_33 33 35.000 40.000 5.000 20.000
>EMYpro_33 34 45.000 25.000 25.000 5.000
>EMYpro_33 35 40.000 20.000 30.000 10.000
>EMYpro_33 36 35.000 20.000 25.000 20.000
>EMYpro_33 37 35.000 20.000 25.000 20.000
>EMYpro_33 38 30.000 35.000 15.000 20.000
>EMYpro_34 1 35.000 35.000 20.000 10.000
>EMYpro_34 2 40.000 45.000 15.000 0.000
>EMYpro_34 3 20.000 55.000 25.000 0.000
>EMYpro_34 4 20.000 50.000 30.000 0.000
>EMYpro_34 5 35.000 35.000 15.000 15.000
>EMYpro_34 6 40.000 45.000 0.000 15.000
>EMYpro_34 7 45.000 45.000 10.000 0.000
>EMYpro_34 8 35.000 45.000 15.000 5.000
>EMYpro_34 9 25.000 40.000 15.000 20.000
>EMYpro_34 10 20.000 30.000 20.000 30.000
>EMYpro_34 11 20.000 45.000 15.000 20.000
>EMYpro_34 12 30.000 40.000 20.000 10.000
>EMYpro_34 13 35.000 20.000 25.000 20.000
>EMYpro_34 14 30.000 20.000 20.000 30.000
>EMYpro_34 15 20.000 35.000 25.000 20.000
>EMYpro_34 16 35.000 35.000 25.000 5.000
>EMYpro_34 17 35.000 30.000 25.000 10.000
>EMYpro_34 18 15.000 40.000 30.000 15.000
>EMYpro_34 19 10.000 60.000 20.000 10.000
>EMYpro_34 20 30.000 50.000 10.000 10.000
>EMYpro_34 21 35.000 40.000 15.000 10.000
>EMYpro_34 22 35.000 35.000 15.000 15.000
>EMYpro_34 23 55.000 30.000 5.000 10.000
>EMYpro_34 24 40.000 45.000 10.000 5.000
>EMYpro_34 25 20.000 55.000 20.000 5.000
>EMYpro_34 26 15.000 60.000 20.000 5.000
>EMYpro_34 27 30.000 45.000 10.000 15.000
>EMYpro_34 28 35.000 35.000 10.000 20.000
>EMYpro_34 29 35.000 30.000 15.000 20.000
>EMYpro_34 30 40.000 25.000 20.000 15.000
>EMYpro_34 31 30.000 30.000 30.000 10.000
>EMYpro_34 32 30.000 25.000 20.000 25.000
>EMYpro_34 33 30.000 35.000 10.000 25.000
>EMYpro_34 34 30.000 35.000 20.000 15.000
>EMYpro_34 35 30.000 25.000 30.000 15.000
>EMYpro_34 36 45.000 20.000 25.000 10.000
>EMYpro_34 37 50.000 20.000 15.000 15.000
>EMYpro_34 38 30.000 20.000 40.000 10.000
>EMYpro_35 1 35.000 35.000 15.000 15.000
>EMYpro_35 2 40.000 45.000 15.000 0.000
>EMYpro_35 3 20.000 55.000 25.000 0.000
>EMYpro_35 4 25.000 50.000 20.000 5.000
>EMYpro_35 5 40.000 45.000 5.000 10.000
>EMYpro_35 6 35.000 40.000 15.000 10.000
>EMYpro_35 7 25.000 40.000 15.000 20.000
>EMYpro_35 8 35.000 30.000 10.000 25.000
>EMYpro_35 9 40.000 15.000 30.000 15.000
>EMYpro_35 10 20.000 35.000 30.000 15.000
>EMYpro_35 11 10.000 60.000 15.000 15.000
>EMYpro_35 12 20.000 65.000 5.000 10.000
>EMYpro_35 13 30.000 45.000 15.000 10.000
>EMYpro_35 14 30.000 30.000 25.000 15.000
>EMYpro_35 15 35.000 30.000 20.000 15.000
>EMYpro_35 16 25.000 45.000 15.000 15.000
>EMYpro_35 17 30.000 45.000 5.000 20.000
>EMYpro_35 18 25.000 35.000 25.000 15.000
>EMYpro_35 19 15.000 50.000 30.000 5.000
>EMYpro_35 20 45.000 45.000 10.000 0.000
>EMYpro_35 21 45.000 45.000 10.000 0.000
>EMYpro_35 22 20.000 60.000 10.000 10.000
>EMYpro_35 23 25.000 30.000 25.000 20.000
>EMYpro_35 24 35.000 20.000 20.000 25.000
>EMYpro_35 25 25.000 45.000 10.000 20.000
>EMYpro_35 26 15.000 55.000 25.000 5.000
>EMYpro_35 27 25.000 50.000 25.000 0.000
>EMYpro_35 28 50.000 35.000 10.000 5.000
>EMYpro_35 29 35.000 25.000 15.000 25.000
>EMYpro_35 30 20.000 35.000 25.000 20.000
>EMYpro_35 31 25.000 30.000 20.000 25.000
>EMYpro_35 32 20.000 15.000 20.000 45.000
>EMYpro_35 33 25.000 20.000 25.000 30.000
>EMYpro_35 34 35.000 35.000 15.000 15.000
>EMYpro_35 35 55.000 30.000 10.000 5.000
>EMYpro_35 36 40.000 10.000 35.000 15.000
>EMYpro_35 37 15.000 30.000 35.000 20.000
>EMYpro_35 38 30.000 30.000 30.000 10.000
>EMYpro_36 1 15.000 60.000 15.000 10.000
>EMYpro_36 2 5.000 80.000 5.000 10.000
>EMYpro_36 3 15.000 50.000 25.000 10.000
>EMYpro_36 4 25.000 45.000 25.000 5.000
>EMYpro_36 5 35.000 50.000 10.000 5.000
>EMYpro_36 6 35.000 40.000 10.000 15.000
>EMYpro_36 7 30.000 35.000 10.000 25.000
>EMYpro_36 8 30.000 20.000 25.000 25.000
>EMYpro_36 9 30.000 25.000 30.000 15.000
>EMYpro_36 10 30.000 40.000 25.000 5.000
>EMYpro_36 11 15.000 50.000 20.000 15.000
>EMYpro_36 12 35.000 40.000 15.000 10.000
>EMYpro_36 13 45.000 20.000 25.000 10.000
>EMYpro_36 14 30.000 25.000 35.000 10.000
>EMYpro_36 15 25.000 45.000 25.000 5.000
>EMYpro_36 16 30.000 50.000 10.000 10.000
>EMYpro_36 17 35.000 45.000 5.000 15.000
>EMYpro_36 18 25.000 50.000 5.000 20.000
>EMYpro_36 19 25.000 55.000 10.000 10.000
>EMYpro_36 20 35.000 40.000 25.000 0.000
>EMYpro_36 21 40.000 25.000 30.000 5.000
>EMYpro_36 22 45.000 30.000 15.000 10.000
>EMYpro_36 23 35.000 35.000 10.000 20.000
>EMYpro_36 24 15.000 50.000 10.000 25.000
>EMYpro_36 25 15.000 40.000 15.000 30.000
>EMYpro_36 26 25.000 35.000 20.000 20.000
>EMYpro_36 27 25.000 40.000 25.000 10.000
>EMYpro_36 28 35.000 25.000 15.000 25.000
>EMYpro_36 29 35.000 25.000 15.000 25.000
>EMYpro_36 30 25.000 35.000 25.000 15.000
>EMYpro_36 31 30.000 40.000 20.000 10.000
>EMYpro_36 32 30.000 30.000 20.000 20.000
>EMYpro_36 33 30.000 35.000 15.000 20.000
>EMYpro_36 34 50.000 25.000 15.000 10.000
>EMYpro_36 35 55.000 20.000 20.000 5.000
>EMYpro_36 36 40.000 20.000 30.000 10.000
>EMYpro_36 37 35.000 20.000 30.000 15.000
>EMYpro_36 38 20.000 30.000 30.000 20.000
>EMYpro_37 1 20.000 55.000 10.000 15.000
>EMYpro_37 2 25.000 60.000 5.000 10.000
>EMYpro_37 3 25.000 40.000 25.000 10.000
>EMYpro_37 4 35.000 30.000 30.000 5.000
>EMYpro_37 5 45.000 35.000 15.000 5.000
>EMYpro_37 6 35.000 40.000 10.000 15.000
>EMYpro_37 7 25.000 40.000 20.000 15.000
>EMYpro_37 8 20.000 45.000 15.000 20.000
>EMYpro_37 9 30.000 55.000 0.000 15.000
>EMYpro_37 10 35.000 45.000 10.000 10.000
>EMYpro_37 11 40.000 25.000 25.000 10.000
>EMYpro_37 12 30.000 35.000 25.000 10.000
>EMYpro_37 13 30.000 35.000 20.000 15.000
>EMYpro_37 14 45.000 15.000 30.000 10.000
>EMYpro_37 15 25.000 30.000 40.000 5.000
>EMYpro_37 16 20.000 40.000 30.000 10.000
>EMYpro_37 17 30.000 50.000 10.000 10.000
>EMYpro_37 18 25.000 60.000 10.000 5.000
>EMYpro_37 19 10.000 50.000 20.000 20.000
>EMYpro_37 20 5.000 50.000 15.000 30.000
>EMYpro_37 21 15.000 60.000 10.000 15.000
>EMYpro_37 22 35.000 45.000 20.000 0.000
>EMYpro_37 23 50.000 25.000 25.000 0.000
>EMYpro_37 24 50.000 15.000 15.000 20.000
>EMYpro_37 25 40.000 10.000 20.000 30.000
>EMYpro_37 26 20.000 35.000 25.000 20.000
>EMYpro_37 27 10.000 45.000 30.000 15.000
>EMYpro_37 28 20.000 35.000 35.000 10.000
>EMYpro_37 29 40.000 30.000 20.000 10.000
>EMYpro_37 30 30.000 35.000 10.000 25.000
>EMYpro_37 31 35.000 25.000 10.000 30.000
>EMYpro_37 32 50.000 20.000 15.000 15.000
>EMYpro_37 33 35.000 40.000 15.000 10.000
>EMYpro_37 34 45.000 35.000 5.000 15.000
>EMYpro_37 35 50.000 20.000 15.000 15.000
>EMYpro_37 36 25.000 20.000 40.000 15.000
>EMYpro_37 37 10.000 30.000 35.000 25.000
>EMYpro_37 38 30.000 35.000 10.000 25.000
>EMYpro_38 1 25.000 50.000 10.000 15.000
>EMYpro_38 2 20.000 60.000 5.000 15.000
>EMYpro_38 3 30.000 35.000 20.000 15.000
>EMYpro_38 4 25.000 30.000 25.000 20.000
>EMYpro_38 5 20.000 45.000 15.000 20.000
>EMYpro_38 6 30.000 40.000 20.000 10.000
>EMYpro_38 7 35.000 30.000 20.000 15.000
>EMYpro_38 8 20.000 55.000 10.000 15.000
>EMYpro_38 9 20.000 60.000 15.000 5.000
>EMYpro_38 10 35.000 35.000 25.000 5.000
>EMYpro_38 11 30.000 40.000 20.000 10.000
>EMYpro_38 12 30.000 50.000 5.000 15.000
>EMYpro_38 13 40.000 35.000 10.000 15.000
>EMYpro_38 14 35.000 25.000 30.000 10.000
>EMYpro_38 15 15.000 50.000 25.000 10.000
>EMYpro_38 16 15.000 60.000 10.000 15.000
>EMYpro_38 17 30.000 25.000 25.000 20.000
>EMYpro_38 18 35.000 35.000 20.000 10.000
>EMYpro_38 19 40.000 55.000 0.000 5.000
>EMYpro_38 20 30.000 30.000 20.000 20.000
>EMYpro_38 21 20.000 30.000 20.000 30.000
>EMYpro_38 22 30.000 45.000 10.000 15.000
>EMYpro_38 23 35.000 40.000 25.000 0.000
>EMYpro_38 24 35.000 50.000 15.000 0.000
>EMYpro_38 25 35.000 60.000 0.000 5.000
>EMYpro_38 26 20.000 65.000 10.000 5.000
>EMYpro_38 27 10.000 55.000 20.000 15.000
>EMYpro_38 28 40.000 25.000 20.000 15.000
>EMYpro_38 29 45.000 20.000 20.000 15.000
>EMYpro_38 30 25.000 25.000 25.000 25.000
>EMYpro_38 31 35.000 30.000 20.000 15.000
>EMYpro_38 32 45.000 30.000 15.000 10.000
>EMYpro_38 33 40.000 35.000 10.000 15.000
>EMYpro_38 34 40.000 25.000 15.000 20.000
>EMYpro_38 35 45.000 10.000 25.000 20.000
>EMYpro_38 36 35.000 25.000 25.000 15.000
>EMYpro_38 37 15.000 45.000 25.000 15.000
>EMYpro_38 38 30.000 35.000 20.000 15.000
>EMYpro_39 1 25.000 50.000 15.000 10.000
>EMYpro_39 2 35.000 55.000 10.000 0.000
>EMYpro_39 3 35.000 30.000 30.000 5.000
>EMYpro_39 4 25.000 25.000 40.000 10.000
>EMYpro_39 5 35.000 25.000 35.000 5.000
>EMYpro_39 6 45.000 20.000 25.000 10.000
>EMYpro_39 7 35.000 30.000 10.000 25.000
>EMYpro_39 8 35.000 35.000 10.000 20.000
>EMYpro_39 9 20.000 55.000 10.000 15.000
>EMYpro_39 10 15.000 65.000 10.000 10.000
>EMYpro_39 11 40.000 40.000 10.000 10.000
>EMYpro_39 12 35.000 40.000 15.000 10.000
>EMYpro_39 13 35.000 40.000 20.000 5.000
>EMYpro_39 14 45.000 30.000 20.000 5.000
>EMYpro_39 15 30.000 35.000 30.000 5.000
>EMYpro_39 16 30.000 35.000 25.000 10.000
>EMYpro_39 17 25.000 50.000 10.000 15.000
>EMYpro_39 18 15.000 55.000 15.000 15.000
>EMYpro_39 19 15.000 40.000 25.000 20.000
>EMYpro_39 20 25.000 40.000 20.000 15.000
>EMYpro_39 21 35.000 50.000 15.000 0.000
>EMYpro_39 22 35.000 40.000 15.000 10.000
>EMYpro_39 23 30.000 25.000 20.000 25.000
>EMYpro_39 24 20.000 40.000 20.000 20.000
>EMYpro_39 25 35.000 50.000 5.000 10.000
>EMYpro_39 26 35.000 50.000 10.000 5.000
>EMYpro_39 27 30.000 45.000 20.000 5.000
>EMYpro_39 28 30.000 30.000 25.000 15.000
>EMYpro_39 29 15.000 25.000 30.000 30.000
>EMYpro_39 30 25.000 35.000 15.000 25.000
>EMYpro_39 31 40.000 40.000 5.000 15.000
>EMYpro_39 32 60.000 20.000 10.000 10.000
>EMYpro_39 33 50.000 35.000 10.000 5.000
>EMYpro_39 34 25.000 30.000 25.000 20.000
>EMYpro_39 35 35.000 15.000 25.000 25.000
>EMYpro_39 36 30.000 15.000 35.000 20.000
>EMYpro_39 37 15.000 15.000 35.000 35.000
>EMYpro_39 38 20.000 45.000 10.000 25.000
>EMYpro_40 1 25.000 40.000 15.000 20.000
>EMYpro_40 2 30.000 50.000 5.000 15.000
>EMYpro_40 3 20.000 45.000 25.000 10.000
>EMYpro_40 4 20.000 40.000 30.000 10.000
>EMYpro_40 5 20.000 35.000 20.000 25.000
>EMYpro_40 6 25.000 45.000 10.000 20.000
>EMYpro_40 7 35.000 50.000 5.000 10.000
>EMYpro_40 8 35.000 45.000 10.000 10.000
>EMYpro_40 9 35.000 45.000 10.000 10.000
>EMYpro_40 10 40.000 30.000 15.000 15.000
>EMYpro_40 11 35.000 30.000 20.000 15.000
>EMYpro_40 12 20.000 55.000 10.000 15.000
>EMYpro_40 13 25.000 45.000 15.000 15.000
>EMYpro_40 14 30.000 25.000 30.000 15.000
>EMYpro_40 15 15.000 40.000 30.000 15.000
>EMYpro_40 16 15.000 50.000 20.000 15.000
>EMYpro_40 17 30.000 45.000 5.000 20.000
>EMYpro_40 18 40.000 45.000 5.000 10.000
>EMYpro_40 19 35.000 40.000 20.000 5.000
>EMYpro_40 20 30.000 35.000 25.000 10.000
>EMYpro_40 21 30.000 35.000 15.000 20.000
>EMYpro_40 22 40.000 30.000 10.000 20.000
>EMYpro_40 23 45.000 25.000 20.000 10.000
>EMYpro_40 24 35.000 30.000 25.000 10.000
>EMYpro_40 25 25.000 50.000 10.000 15.000
>EMYpro_40 26 25.000 55.000 10.000 10.000
>EMYpro_40 27 25.000 40.000 15.000 20.000
>EMYpro_40 28 35.000 25.000 10.000 30.000
>EMYpro_40 29 35.000 30.000 15.000 20.000
>EMYpro_40 30 30.000 40.000 20.000 10.000
>EMYpro_40 31 40.000 30.000 25.000 5.000
>EMYpro_40 32 40.000 20.000 25.000 15.000
>EMYpro_40 33 35.000 35.000 20.000 10.000
>EMYpro_40 34 30.000 35.000 15.000 20.000
>EMYpro_40 35 35.000 15.000 15.000 35.000
>EMYpro_40 36 30.000 20.000 25.000 25.000
>EMYpro_40 37 20.000 40.000 20.000 20.000
>EMYpro_40 38 40.000 40.000 5.000 15.000
