>EMYuas1_VH1 1 30.000 35.000 20.000 15.000
>EMYuas1_VH1 2 30.000 35.000 20.000 15.000
>EMYuas1_VH1 3 30.000 10.000 35.000 25.000
>EMYuas1_VH1 4 10.000 55.000 25.000 10.000
>EMYuas1_VH1 5 5.000 80.000 10.000 5.000
>EMYuas1_VH1 6 20.000 55.000 10.000 15.000
>EMYuas1_VH1 7 15.000 55.000 15.000 15.000
>EMYuas1_VH1 8 10.000 70.000 15.000 5.000
>EMYuas1_VH1 9 20.000 40.000 25.000 15.000
>EMYuas1_VH1 10 25.000 15.000 40.000 20.000
>EMYuas1_VH1 11 15.000 65.000 15.000 5.000
>EMYuas1_VH1 12 20.000 70.000 5.000 5.000
>EMYuas1_VH1 13 40.000 35.000 10.000 15.000
>EMYuas1_VH1 14 20.000 65.000 5.000 10.000
>EMYuas1_VH1 15 10.000 80.000 10.000 0.000
>EMYuas1_VH1 16 25.000 45.000 15.000 15.000
>EMYuas1_VH1 17 20.000 35.000 20.000 25.000
>EMYuas1_VH2 1 35.000 35.000 15.000 15.000
>EMYuas1_VH2 2 25.000 40.000 30.000 5.000
>EMYuas1_VH2 3 30.000 15.000 45.000 10.000
>EMYuas1_VH2 4 20.000 55.000 20.000 5.000
>EMYuas1_VH2 5 5.000 70.000 15.000 10.000
>EMYuas1_VH2 6 25.000 35.000 30.000 10.000
>EMYuas1_VH2 7 20.000 45.000 30.000 5.000
>EMYuas1_VH2 8 0.000 75.000 15.000 10.000
>EMYuas1_VH2 9 10.000 55.000 10.000 25.000
>EMYuas1_VH2 10 25.000 30.000 20.000 25.000
>EMYuas1_VH2 11 15.000 70.000 10.000 5.000
>EMYuas1_VH2 12 5.000 75.000 5.000 15.000
>EMYuas1_VH2 13 25.000 45.000 10.000 20.000
>EMYuas1_VH2 14 20.000 70.000 5.000 5.000
>EMYuas1_VH2 15 5.000 85.000 0.000 10.000
>EMYuas1_VH2 16 35.000 40.000 15.000 10.000
>EMYuas1_VH2 17 35.000 25.000 30.000 10.000
>EMYuas1_H1 1 40.000 20.000 20.000 20.000
>EMYuas1_H1 2 25.000 30.000 25.000 20.000
>EMYuas1_H1 3 20.000 25.000 30.000 25.000
>EMYuas1_H1 4 35.000 40.000 15.000 10.000
>EMYuas1_H1 5 30.000 60.000 10.000 0.000
>EMYuas1_H1 6 25.000 55.000 20.000 0.000
>EMYuas1_H1 7 20.000 30.000 30.000 20.000
>EMYuas1_H1 8 20.000 5.000 45.000 30.000
>EMYuas1_H1 9 30.000 30.000 25.000 15.000
>EMYuas1_H1 10 40.000 45.000 5.000 10.000
>EMYuas1_H1 11 45.000 45.000 5.000 5.000
>EMYuas1_H1 12 30.000 60.000 0.000 10.000
>EMYuas1_H1 13 40.000 35.000 10.000 15.000
>EMYuas1_H1 14 50.000 35.000 10.000 5.000
>EMYuas1_H1 15 35.000 60.000 0.000 5.000
>EMYuas1_H1 16 25.000 55.000 10.000 10.000
>EMYuas1_H1 17 15.000 45.000 25.000 15.000
>EMYuas1_H2 1 35.000 20.000 15.000 30.000
>EMYuas1_H2 2 15.000 60.000 10.000 15.000
>EMYuas1_H2 3 10.000 60.000 25.000 5.000
>EMYuas1_H2 4 10.000 65.000 20.000 5.000
>EMYuas1_H2 5 15.000 70.000 0.000 15.000
>EMYuas1_H2 6 35.000 30.000 15.000 20.000
>EMYuas1_H2 7 20.000 50.000 25.000 5.000
>EMYuas1_H2 8 5.000 85.000 10.000 0.000
>EMYuas1_H2 9 30.000 55.000 10.000 5.000
>EMYuas1_H2 10 40.000 25.000 15.000 20.000
>EMYuas1_H2 11 65.000 15.000 5.000 15.000
>EMYuas1_H2 12 75.000 20.000 5.000 0.000
>EMYuas1_H2 13 35.000 25.000 20.000 20.000
>EMYuas1_H2 14 60.000 5.000 15.000 20.000
>EMYuas1_H2 15 75.000 15.000 5.000 5.000
>EMYuas1_H2 16 40.000 40.000 10.000 10.000
>EMYuas1_H2 17 20.000 45.000 20.000 15.000
>EMYuas1_M1 1 45.000 10.000 20.000 25.000
>EMYuas1_M1 2 45.000 15.000 25.000 15.000
>EMYuas1_M1 3 40.000 25.000 20.000 15.000
>EMYuas1_M1 4 20.000 65.000 5.000 10.000
>EMYuas1_M1 5 5.000 85.000 5.000 5.000
>EMYuas1_M1 6 25.000 40.000 20.000 15.000
>EMYuas1_M1 7 40.000 15.000 20.000 25.000
>EMYuas1_M1 8 40.000 20.000 15.000 25.000
>EMYuas1_M1 9 40.000 25.000 25.000 10.000
>EMYuas1_M1 10 35.000 30.000 20.000 15.000
>EMYuas1_M1 11 15.000 40.000 25.000 20.000
>EMYuas1_M1 12 10.000 45.000 35.000 10.000
>EMYuas1_M1 13 10.000 60.000 20.000 10.000
>EMYuas1_M1 14 10.000 55.000 15.000 20.000
>EMYuas1_M1 15 45.000 20.000 15.000 20.000
>EMYuas1_M1 16 50.000 25.000 15.000 10.000
>EMYuas1_M1 17 20.000 40.000 25.000 15.000
>EMYuas1_M2 1 35.000 15.000 25.000 25.000
>EMYuas1_M2 2 25.000 25.000 30.000 20.000
>EMYuas1_M2 3 15.000 45.000 30.000 10.000
>EMYuas1_M2 4 25.000 60.000 15.000 0.000
>EMYuas1_M2 5 35.000 60.000 5.000 0.000
>EMYuas1_M2 6 30.000 55.000 15.000 0.000
>EMYuas1_M2 7 20.000 55.000 20.000 5.000
>EMYuas1_M2 8 5.000 80.000 10.000 5.000
>EMYuas1_M2 9 20.000 65.000 0.000 15.000
>EMYuas1_M2 10 25.000 40.000 10.000 25.000
>EMYuas1_M2 11 55.000 25.000 10.000 10.000
>EMYuas1_M2 12 75.000 0.000 15.000 10.000
>EMYuas1_M2 13 40.000 15.000 20.000 25.000
>EMYuas1_M2 14 40.000 30.000 5.000 25.000
>EMYuas1_M2 15 45.000 25.000 10.000 20.000
>EMYuas1_M2 16 35.000 40.000 10.000 15.000
>EMYuas1_M2 17 20.000 50.000 15.000 15.000
>EMYuas1_L1 1 40.000 10.000 25.000 25.000
>EMYuas1_L1 2 40.000 25.000 20.000 15.000
>EMYuas1_L1 3 30.000 30.000 25.000 15.000
>EMYuas1_L1 4 15.000 35.000 35.000 15.000
>EMYuas1_L1 5 15.000 45.000 35.000 5.000
>EMYuas1_L1 6 15.000 50.000 30.000 5.000
>EMYuas1_L1 7 35.000 30.000 20.000 15.000
>EMYuas1_L1 8 40.000 5.000 35.000 20.000
>EMYuas1_L1 9 25.000 30.000 35.000 10.000
>EMYuas1_L1 10 20.000 45.000 20.000 15.000
>EMYuas1_L1 11 15.000 45.000 10.000 30.000
>EMYuas1_L1 12 35.000 45.000 0.000 20.000
>EMYuas1_L1 13 30.000 45.000 10.000 15.000
>EMYuas1_L1 14 20.000 40.000 25.000 15.000
>EMYuas1_L1 15 25.000 25.000 30.000 20.000
>EMYuas1_L1 16 35.000 20.000 25.000 20.000
>EMYuas1_L1 17 30.000 30.000 25.000 15.000
>EMYuas1_L2 1 35.000 15.000 25.000 25.000
>EMYuas1_L2 2 35.000 15.000 20.000 30.000
>EMYuas1_L2 3 35.000 35.000 5.000 25.000
>EMYuas1_L2 4 30.000 40.000 15.000 15.000
>EMYuas1_L2 5 20.000 30.000 25.000 25.000
>EMYuas1_L2 6 25.000 35.000 20.000 20.000
>EMYuas1_L2 7 25.000 20.000 30.000 25.000
>EMYuas1_L2 8 20.000 20.000 40.000 20.000
>EMYuas1_L2 9 30.000 30.000 35.000 5.000
>EMYuas1_L2 10 30.000 35.000 25.000 10.000
>EMYuas1_L2 11 30.000 45.000 20.000 5.000
>EMYuas1_L2 12 25.000 40.000 30.000 5.000
>EMYuas1_L2 13 25.000 35.000 20.000 20.000
>EMYuas1_L2 14 25.000 30.000 10.000 35.000
>EMYuas1_L2 15 25.000 20.000 25.000 30.000
>EMYuas1_L2 16 20.000 35.000 25.000 20.000
>EMYuas1_L2 17 10.000 45.000 25.000 20.000
