>EMYuas2_VH1 1 40.000 20.000 15.000 25.000
>EMYuas2_VH1 2 30.000 30.000 10.000 30.000
>EMYuas2_VH1 3 25.000 50.000 5.000 20.000
>EMYuas2_VH1 4 30.000 40.000 20.000 10.000
>EMYuas2_VH1 5 35.000 20.000 25.000 20.000
>EMYuas2_VH1 6 45.000 25.000 15.000 15.000
>EMYuas2_VH1 7 35.000 25.000 25.000 15.000
>EMYuas2_VH1 8 20.000 40.000 30.000 10.000
>EMYuas2_VH1 9 30.000 35.000 30.000 5.000
>EMYuas2_VH1 10 20.000 45.000 20.000 15.000
>EMYuas2_VH1 11 5.000 45.000 35.000 15.000
>EMYuas2_VH1 12 25.000 30.000 35.000 10.000
>EMYuas2_VH1 13 30.000 45.000 10.000 15.000
>EMYuas2_VH1 14 30.000 35.000 25.000 10.000
>EMYuas2_VH1 15 30.000 30.000 30.000 10.000
>EMYuas2_VH1 16 20.000 55.000 15.000 10.000
>EMYuas2_VH1 17 15.000 55.000 20.000 10.000
>EMYuas2_VH2 1 30.000 20.000 20.000 30.000
>EMYuas2_VH2 2 15.000 55.000 10.000 20.000
>EMYuas2_VH2 3 5.000 90.000 0.000 5.000
>EMYuas2_VH2 4 10.000 55.000 20.000 15.000
>EMYuas2_VH2 5 20.000 15.000 35.000 30.000
>EMYuas2_VH2 6 15.000 35.000 25.000 25.000
>EMYuas2_VH2 7 20.000 30.000 30.000 20.000
>EMYuas2_VH2 8 35.000 20.000 25.000 20.000
>EMYuas2_VH2 9 30.000 30.000 25.000 15.000
>EMYuas2_VH2 10 30.000 45.000 20.000 5.000
>EMYuas2_VH2 11 35.000 35.000 20.000 10.000
>EMYuas2_VH2 12 25.000 30.000 25.000 20.000
>EMYuas2_VH2 13 20.000 40.000 15.000 25.000
>EMYuas2_VH2 14 25.000 25.000 25.000 25.000
>EMYuas2_VH2 15 30.000 15.000 30.000 25.000
>EMYuas2_VH2 16 15.000 35.000 30.000 20.000
>EMYuas2_VH2 17 5.000 50.000 30.000 15.000
>EMYuas2_H1 1 30.000 20.000 20.000 30.000
>EMYuas2_H1 2 15.000 45.000 15.000 25.000
>EMYuas2_H1 3 20.000 65.000 5.000 10.000
>EMYuas2_H1 4 25.000 40.000 20.000 15.000
>EMYuas2_H1 5 25.000 15.000 30.000 30.000
>EMYuas2_H1 6 30.000 25.000 30.000 15.000
>EMYuas2_H1 7 30.000 30.000 30.000 10.000
>EMYuas2_H1 8 45.000 20.000 15.000 20.000
>EMYuas2_H1 9 40.000 25.000 15.000 20.000
>EMYuas2_H1 10 25.000 35.000 20.000 20.000
>EMYuas2_H1 11 30.000 35.000 20.000 15.000
>EMYuas2_H1 12 25.000 35.000 20.000 20.000
>EMYuas2_H1 13 25.000 35.000 25.000 15.000
>EMYuas2_H1 14 20.000 35.000 30.000 15.000
>EMYuas2_H1 15 10.000 40.000 30.000 20.000
>EMYuas2_H1 16 30.000 40.000 20.000 10.000
>EMYuas2_H1 17 30.000 35.000 20.000 15.000
>EMYuas2_H2 1 30.000 20.000 15.000 35.000
>EMYuas2_H2 2 20.000 40.000 10.000 30.000
>EMYuas2_H2 3 25.000 60.000 5.000 10.000
>EMYuas2_H2 4 35.000 35.000 25.000 5.000
>EMYuas2_H2 5 35.000 30.000 30.000 5.000
>EMYuas2_H2 6 40.000 40.000 20.000 0.000
>EMYuas2_H2 7 30.000 35.000 25.000 10.000
>EMYuas2_H2 8 15.000 45.000 25.000 15.000
>EMYuas2_H2 9 25.000 40.000 20.000 15.000
>EMYuas2_H2 10 25.000 40.000 20.000 15.000
>EMYuas2_H2 11 25.000 45.000 15.000 15.000
>EMYuas2_H2 12 25.000 30.000 20.000 25.000
>EMYuas2_H2 13 25.000 10.000 30.000 35.000
>EMYuas2_H2 14 25.000 20.000 35.000 20.000
>EMYuas2_H2 15 25.000 25.000 40.000 10.000
>EMYuas2_H2 16 30.000 25.000 30.000 15.000
>EMYuas2_H2 17 20.000 35.000 30.000 15.000
>EMYuas2_M1 1 25.000 20.000 25.000 30.000
>EMYuas2_M1 2 15.000 45.000 20.000 20.000
>EMYuas2_M1 3 25.000 65.000 5.000 5.000
>EMYuas2_M1 4 35.000 45.000 10.000 10.000
>EMYuas2_M1 5 30.000 20.000 25.000 25.000
>EMYuas2_M1 6 20.000 20.000 35.000 25.000
>EMYuas2_M1 7 30.000 20.000 35.000 15.000
>EMYuas2_M1 8 35.000 40.000 15.000 10.000
>EMYuas2_M1 9 35.000 35.000 5.000 25.000
>EMYuas2_M1 10 25.000 25.000 10.000 40.000
>EMYuas2_M1 11 25.000 45.000 5.000 25.000
>EMYuas2_M1 12 25.000 45.000 15.000 15.000
>EMYuas2_M1 13 20.000 40.000 25.000 15.000
>EMYuas2_M1 14 35.000 35.000 20.000 10.000
>EMYuas2_M1 15 40.000 35.000 15.000 10.000
>EMYuas2_M1 16 30.000 35.000 20.000 15.000
>EMYuas2_M1 17 15.000 35.000 30.000 20.000
>EMYuas2_M2 1 30.000 20.000 20.000 30.000
>EMYuas2_M2 2 20.000 30.000 20.000 30.000
>EMYuas2_M2 3 25.000 50.000 10.000 15.000
>EMYuas2_M2 4 35.000 50.000 5.000 10.000
>EMYuas2_M2 5 40.000 20.000 25.000 15.000
>EMYuas2_M2 6 25.000 30.000 25.000 20.000
>EMYuas2_M2 7 25.000 40.000 15.000 20.000
>EMYuas2_M2 8 20.000 40.000 25.000 15.000
>EMYuas2_M2 9 10.000 45.000 30.000 15.000
>EMYuas2_M2 10 30.000 35.000 25.000 10.000
>EMYuas2_M2 11 45.000 20.000 15.000 20.000
>EMYuas2_M2 12 30.000 25.000 25.000 20.000
>EMYuas2_M2 13 15.000 45.000 30.000 10.000
>EMYuas2_M2 14 35.000 45.000 15.000 5.000
>EMYuas2_M2 15 40.000 30.000 15.000 15.000
>EMYuas2_M2 16 25.000 20.000 20.000 35.000
>EMYuas2_M2 17 15.000 30.000 25.000 30.000
>EMYuas2_L1 1 40.000 15.000 20.000 25.000
>EMYuas2_L1 2 25.000 40.000 15.000 20.000
>EMYuas2_L1 3 20.000 65.000 5.000 10.000
>EMYuas2_L1 4 30.000 50.000 15.000 5.000
>EMYuas2_L1 5 25.000 45.000 20.000 10.000
>EMYuas2_L1 6 35.000 45.000 5.000 15.000
>EMYuas2_L1 7 35.000 20.000 35.000 10.000
>EMYuas2_L1 8 25.000 30.000 40.000 5.000
>EMYuas2_L1 9 25.000 35.000 15.000 25.000
>EMYuas2_L1 10 20.000 25.000 15.000 40.000
>EMYuas2_L1 11 40.000 30.000 5.000 25.000
>EMYuas2_L1 12 35.000 25.000 20.000 20.000
>EMYuas2_L1 13 30.000 20.000 20.000 30.000
>EMYuas2_L1 14 25.000 30.000 20.000 25.000
>EMYuas2_L1 15 10.000 45.000 25.000 20.000
>EMYuas2_L1 16 20.000 45.000 20.000 15.000
>EMYuas2_L1 17 15.000 40.000 30.000 15.000
>EMYuas2_L2 1 40.000 15.000 15.000 30.000
>EMYuas2_L2 2 45.000 20.000 10.000 25.000
>EMYuas2_L2 3 75.000 10.000 5.000 10.000
>EMYuas2_L2 4 60.000 20.000 10.000 10.000
>EMYuas2_L2 5 25.000 40.000 20.000 15.000
>EMYuas2_L2 6 20.000 40.000 15.000 25.000
>EMYuas2_L2 7 15.000 30.000 25.000 30.000
>EMYuas2_L2 8 30.000 25.000 30.000 15.000
>EMYuas2_L2 9 30.000 35.000 15.000 20.000
>EMYuas2_L2 10 20.000 40.000 10.000 30.000
>EMYuas2_L2 11 25.000 30.000 25.000 20.000
>EMYuas2_L2 12 20.000 30.000 45.000 5.000
>EMYuas2_L2 13 20.000 45.000 35.000 0.000
>EMYuas2_L2 14 30.000 35.000 25.000 10.000
>EMYuas2_L2 15 25.000 30.000 25.000 20.000
>EMYuas2_L2 16 20.000 30.000 25.000 25.000
>EMYuas2_L2 17 15.000 30.000 30.000 25.000
