3	15
12	4
63	13
82	14
93	38
94	59
95	113
96	88
97	120
98	183
99	127
100	200
101	389
102	382
103	366
104	496
105	391
106	449
107	509
108	487
109	518
110	522
111	523
112	577
113	556
114	660
115	606
116	579
117	647
118	576
119	723
120	780
121	728
122	657
123	705
124	660
125	1003
126	816
127	918
128	1059
129	1050
130	1269
131	926
132	1021
133	1380
134	1278
135	1396
136	1281
137	1225
138	1278
139	1403
140	1650
141	1810
142	1546
143	1765
144	1697
145	1753
146	1601
147	1695
148	1611
149	1754
150	1782
151	1822
152	1819
153	1844
154	1806
155	2114
156	2112
157	2403
158	2189
159	2402
160	2151
161	2469
162	2578
163	2753
164	2396
165	2661
166	2854
167	3204
168	2764
169	2855
170	3315
171	3279
172	3387
173	3616
174	3910
175	3615
176	4158
177	4119
178	3775
179	4152
180	3726
181	4685
182	4051
183	4374
184	4543
185	4401
186	4302
187	4283
188	4551
189	5200
190	4898
191	4390
192	4987
193	5128
194	5211
195	5445
196	5108
197	5426
198	5483
199	5622
200	5708
201	5576
202	5678
203	5644
204	5482
205	5695
206	5591
207	5629
208	6215
209	6716
210	6443
211	6895
212	6351
213	6566
214	6543
215	6864
216	6390
217	6842
218	6892
219	6812
220	6920
221	7397
222	6990
223	7664
224	7045
225	6485
226	6667
227	6897
228	6352
229	6717
230	7184
231	7595
232	7563
233	6957
234	7260
235	6909
236	7344
237	7219
238	6789
239	7269
240	7581
241	7366
242	6820
243	7419
244	7709
245	7362
246	7178
247	7606
248	7883
249	6734
250	7593
251	6851
252	7198
253	7717
254	7228
255	7565
256	6605
257	6903
258	6741
259	6875
260	6827
261	7877
262	6977
263	8474
264	7484
265	7952
266	8097
267	8435
268	9303
269	7869
270	7623
271	7257
272	7662
273	7286
274	7649
275	7497
276	7694
277	8432
278	7565
279	7568
280	7806
281	7919
282	7875
283	7192
284	7541
285	6758
286	6295
287	6505
288	6598
289	6142
290	5640
291	5525
292	5896
293	5491
294	5432
295	5452
296	5848
297	6040
298	5842
299	5995
300	5833
301	5397
302	5660
303	7907
304	6507
305	5792
306	5024
307	5300
308	5727
309	5471
310	4927
311	5025
312	5557
313	4568
314	4450
315	5005
316	5075
317	4578
318	4912
319	4539
320	4181
321	5178
322	4737
323	4063
324	4039
325	4110
326	4148
327	4225
328	4160
329	4226
330	3713
331	3915
332	3903
333	3508
334	3697
335	3691
336	3408
337	3375
338	3434
339	4045
340	3360
341	3045
342	2741
343	3251
344	3073
345	3396
346	2821
347	2896
348	3121
349	2928
350	2578
351	2639
352	3292
353	2357
354	2844
355	2695
356	2737
357	2026
358	2522
359	2986
360	2590
361	2542
362	2482
363	2507
364	2867
365	2283
366	2136
367	2152
368	2285
369	1791
370	1970
371	2095
372	1787
373	1848
374	1828
375	1602
376	2159
377	2028
378	2129
379	1820
380	1705
381	1757
382	1817
383	1776
384	1434
385	1581
386	1427
387	1687
388	1620
389	1455
390	1459
391	1763
392	1276
393	1391
394	1339
395	1335
396	1404
397	1377
398	1524
399	1294
400	1346
401	1153
402	1319
403	1295
404	1343
405	1168
406	1216
407	1166
408	1218
409	1051
410	947
411	1177
412	1212
413	1072
414	1068
415	1100
416	786
417	934
418	1020
419	854
420	824
421	988
422	896
423	925
424	893
425	847
426	821
427	802
428	919
429	717
430	759
431	797
432	709
433	742
434	602
435	654
436	653
437	587
438	631
439	673
440	537
441	574
442	593
443	509
444	598
445	608
446	459
447	586
448	552
449	618
450	520
451	558
452	347
453	518
454	494
455	564
456	357
457	370
458	425
459	374
460	449
461	410
462	459
463	566
464	346
465	327
466	394
467	348
468	368
469	364
470	323
471	354
472	245
473	282
474	278
475	254
476	208
477	382
478	295
479	339
480	273
481	344
482	356
483	269
484	358
485	309
486	282
487	264
488	289
489	287
490	193
491	245
492	185
493	287
494	316
495	212
496	133
497	253
498	211
499	294
500	141
501	141
502	171
503	133
504	165
505	198
506	149
507	193
508	172
509	178
510	195
511	138
512	133
513	113
514	120
515	160
516	111
517	117
518	177
519	111
520	89
521	124
522	134
523	172
524	211
525	155
526	188
527	215
528	134
529	223
530	72
531	123
532	121
533	115
534	59
535	103
536	94
537	101
538	41
539	106
540	44
541	103
542	99
543	109
544	70
545	94
546	74
547	108
548	60
549	85
550	78
551	129
552	86
553	66
554	82
555	55
556	85
557	58
558	41
559	57
560	91
561	63
562	43
563	72
564	66
565	61
566	85
567	38
568	58
569	29
570	67
571	64
572	30
573	43
574	29
575	51
576	36
577	44
578	28
579	65
580	45
581	52
582	41
583	20
584	36
585	44
586	30
587	40
588	37
589	63
590	23
591	51
592	15
593	31
594	57
595	46
596	58
597	56
598	9
599	68
600	7
601	20
602	5
603	25
604	55
605	16
606	18
607	27
608	19
609	14
610	21
611	42
612	17
613	9
614	23
615	22
616	40
617	14
618	15
619	16
620	23
621	15
622	18
623	13
624	6
625	14
626	29
627	33
628	16
629	7
630	22
631	10
632	21
633	17
634	23
635	3
636	21
637	25
638	14
639	25
640	22
641	14
642	6
643	22
644	25
646	8
647	5
648	5
649	4
650	10
651	11
652	1
653	20
654	9
656	2
657	8
658	11
660	4
661	4
662	6
663	6
664	8
665	10
666	1
667	5
668	7
669	9
670	2
671	8
672	12
673	4
674	24
675	1
676	18
677	6
678	7
679	2
680	8
681	2
682	1
684	6
685	3
687	10
690	9
691	5
692	25
693	12
694	3
697	7
699	2
703	16
704	3
707	9
708	18
709	7
711	7
712	7
713	6
714	10
716	12
717	5
719	4
721	2
722	4
726	10
729	4
733	9
734	1
735	1
737	3
738	2
746	5
754	3
756	6
758	2
763	1
768	3
772	6
773	14
774	1
775	2
776	6
782	3
784	1
785	2
786	5
796	2
805	1
806	3
809	3
813	1
817	9
824	5
828	3
830	2
839	2
840	6
853	2
863	7
906	2
978	16
979	1
991	13
1007	17
1065	7
1087	10
1092	13
1108	14
1111	17
1116	7
1129	6
1138	9
1229	1
1292	5
2080	1
2341	1
4387	1
4453	1
5105	1
7555	1
9265	1
10745	3
10819	2
10835	19
11331	1
12364	1
12558	1
16525	1
19741	1
27257	1
33277	1
38186	1
41304	1
41496	1
53424	1
59807	1
60018	1
73383	1
75149	1
84992	1
91714	1
95170	1
95889	1
101889	1
112516	1
112548	1
113162	6
113163	1
113164	6
113165	1
113168	2
113350	1
113354	3
113355	2
113357	3
113358	3
113359	3
113360	1
113974	1
113980	1
114006	2
116123	1
131802	1
132147	1
143061	1
145262	1
146819	1
150799	1
152216	1
160463	1
164787	1
167559	1
168465	1
169926	1
171506	1
172436	1
173204	1
173494	1
177858	3
185435	1
186049	2
186253	1
186938	1
203040	1
211884	1
221273	1
226424	1
237036	1
238975	1
243708	1
246354	1
246400	1
258774	1
267017	2
267215	1
267509	1
272853	1
276787	1
277176	1
277625	1
289962	1
292969	1
294401	1
296827	1
298865	1
300432	1
306761	1
308314	1
334542	1
338088	1
342651	1
364434	1
368252	1
368347	1
371724	1
393480	1
399240	1
407331	1
413651	1
414143	1
414163	1
419167	1
424290	1
439444	1
440337	1
446608	1
456481	1
466475	1
471796	1
479547	1
484338	1
486252	1
490418	9
491280	1
492720	1
493269	1
494823	1
500550	1
503679	1
503803	1
504259	1
514763	1
515595	5
518880	1
520589	1
521332	1
522862	1
531269	1
535086	1
537405	1
540290	1
541212	1
562858	1
564569	1
568881	1
569388	1
575620	1
577374	1
579407	1
580238	1
581814	1
602857	1
611193	1
612290	1
615146	1
623573	1
628855	2
631486	1
639611	1
639789	1
669365	1
673747	1
676853	1
690699	1
695900	1
696043	1
698772	1
703482	1
703486	1
706560	1
706789	1
707413	3
708096	1
708116	1
708178	1
708259	2
711441	1
713108	1
714909	1
716624	1
717688	1
718252	1
720241	1
721245	1
721442	1
722076	1
725711	1
735993	1
741763	1
747046	1
748228	1
760029	1
761118	1
770629	1
771688	1
773716	1
773779	1
775508	1
776677	1
778058	1
781073	1
795576	1
805314	1
814140	1
819460	1
831553	1
834022	1
841954	1
854246	1
858292	13
872786	1
873156	1
878620	1
897551	1
900681	1
902988	1
903386	1
907546	1
914439	1
920905	1
927895	1
936306	1
941476	1
947489	1
949189	1
958167	1
959226	1
960503	1
970360	1
973238	2
975683	1
985892	1
999256	1
1002943	1
1004725	1
1006866	1
1011796	1
1013292	1
1016152	1
1030539	1
1032268	1
1039577	1
1040979	1
1052262	1
1073140	1
1080470	1
1091925	1
1096136	1
1108807	1
1116612	1
1123042	1
1123471	1
1130090	1
1142986	1
1166082	1
1169372	1
1169685	1
1171872	1
1177624	1
1203574	1
1206545	1
1207528	1
1213401	1
1214024	1
1217369	1
1237679	1
1258915	1
1281527	1
1290641	1
1295734	1
1303906	1
1309132	1
1310644	1
1320315	1
1321207	1
1321498	1
1321854	1
1341097	1
1349981	1
1351351	1
1400409	1
1413751	1
1413842	1
1418187	1
1418451	1
1429386	3
1429602	2
1441846	2
1451389	1
1459968	1
1466533	1
1487968	1
1498665	1
1529372	1
1543299	1
1556864	1
1565905	1
1567853	1
1569055	1
1575647	1
1593416	1
1595910	1
1595955	1
1596645	1
1596818	2
1598096	4
1601854	1
1611528	1
1613046	1
1626804	1
1629632	1
1642695	1
1654663	1
1654740	1
1675739	1
1677733	1
1678143	1
1697823	1
1709747	1
1714200	1
1731877	1
1735445	1
1737870	1
1740814	1
1765779	1
1770612	1
1819510	1
1819725	1
1819958	1
1825636	1
1829901	1
1847696	1
1848752	1
1862247	1
1864130	1
1867356	1
1871401	1
1884786	1
1892997	1
1901648	1
1901857	1
1915476	1
1925118	1
1929885	1
1932262	1
1933969	11
1935584	1
1939064	1
1949165	1
1972883	1
1988292	1
1992277	1
2015113	1
2015195	4
2015215	1
2021891	1
2032921	1
2042139	1
2043791	1
2095366	1
2101029	1
2102812	1
2134238	1
2153994	1
2156835	1
2176501	1
2178359	1
2204267	1
2215458	1
2217078	1
2228127	1
2234224	1
2238506	1
2239700	1
2242098	1
2283281	1
2286336	1
2287609	1
2313558	1
2325539	1
2328102	1
2328525	1
2361305	1
2375752	1
2377996	1
2384408	1
2419756	1
2433858	1
2438948	1
2460375	1
2463551	1
2469712	1
2473656	1
2478778	1
2494675	1
2498576	1
2500204	1
2500351	1
2511581	1
2537031	1
2538460	1
2563389	1
2596039	1
2610613	1
2619202	1
2627372	1
2676954	1
2679925	1
2694420	1
2702219	1
2703656	1
2714340	1
2748208	1
2759374	1
2770094	1
2780531	1
2780862	1
2791593	1
2811233	1
2821317	1
2821682	1
2838673	1
2872923	1
2873659	1
2874864	1
2881432	1
2889843	1
2945566	3
2945571	3
2962931	1
2965361	1
2979614	1
2991692	6
2999698	1
3010868	1
3024616	1
3040924	1
3076358	1
3081759	1
3108318	1
3116694	1
3130328	1
3139906	2
3139973	2
3140683	1
3170003	1
3171512	1
3181265	1
3206554	1
3237958	1
3257127	1
3261438	1
3261779	1
3291190	1
3306244	1
3307762	1
3312144	1
3319210	1
3322526	1
3323408	3
3323638	1
3346511	1
3350345	1
3366500	1
3368160	1
3375010	1
3383633	1
3402982	1
3408202	1
3416959	1
3433153	1
3454570	1
3463576	1
3474568	1
3487793	1
3490536	1
3505555	1
3558184	1
3564943	1
3583202	1
3657517	1
3718745	1
3739299	1
3756814	1
3758214	1
3763464	1
3799310	1
3808517	1
3872970	1
3885900	1
3891735	1
3891817	4
3891908	1
3934503	1
3934507	1
4066401	1
4136951	1
4172085	1
4212506	1
4227929	1
4261648	1
4264983	1
4421454	3
4428672	1
4455441	2
4456055	2
