1	161
2	41
3	35
4	7
11	12
13	7
27	6
51	6
55	6
63	5
88	9
93	149
94	314
95	406
96	609
97	491
98	562
99	731
100	772
101	1526
102	1557
103	1555
104	1711
105	1547
106	1731
107	1678
108	1801
109	1998
110	1884
111	2032
112	2189
113	2163
114	2399
115	2520
116	2509
117	2616
118	2621
119	2954
120	2295
121	3178
122	3417
123	3173
124	3588
125	3407
126	3675
127	4337
128	4262
129	4193
130	4104
131	4463
132	4777
133	4448
134	5172
135	5017
136	5918
137	5004
138	5988
139	5724
140	6434
141	6285
142	6286
143	6957
144	7083
145	6805
146	7080
147	7269
148	7557
149	7335
150	7231
151	7995
152	8044
153	8391
154	8778
155	8971
156	9656
157	10896
158	10618
159	10472
160	10080
161	10774
162	11095
163	11331
164	10530
165	11410
166	12431
167	12629
168	12899
169	12843
170	13693
171	14262
172	15261
173	14612
174	20106
175	16863
176	16071
177	16355
178	17074
179	17646
180	18766
181	19307
182	19547
183	24988
184	19982
185	21769
186	19449
187	20401
188	21229
189	22073
190	23671
191	23051
192	24115
193	24444
194	25773
195	26394
196	25798
197	25392
198	25656
199	27705
200	29615
201	28428
202	30039
203	30627
204	29587
205	30776
206	30963
207	33884
208	32647
209	35604
210	33293
211	34113
212	35363
213	38074
214	39037
215	38220
216	38283
217	39788
218	39568
219	40699
220	40939
221	42693
222	39461
223	41055
224	41758
225	41279
226	39483
227	39723
228	40083
229	41477
230	41673
231	43010
232	41353
233	42832
234	43108
235	44850
236	47967
237	43606
238	41938
239	44528
240	43171
241	45031
242	45019
243	45703
244	46873
245	48210
246	44851
247	45424
248	47827
249	46264
250	46011
251	47084
252	51165
253	48458
254	48021
255	48226
256	49126
257	48385
258	49450
259	48120
260	48502
261	48871
262	49561
263	47633
264	49070
265	50540
266	53135
267	55885
268	49016
269	51718
270	50474
271	52506
272	50710
273	49960
274	49537
275	48899
276	48875
277	49139
278	48826
279	47638
280	48361
281	47695
282	49414
283	53416
284	56185
285	48735
286	46454
287	47048
288	48292
289	44805
290	45286
291	44688
292	43578
293	45317
294	42984
295	44983
296	45096
297	44588
298	45333
299	44343
300	44273
301	42266
302	41759
303	42917
304	43496
305	41724
306	40802
307	40738
308	40246
309	39837
310	38398
311	39602
312	37197
313	36626
314	38594
315	38455
316	38086
317	37841
318	36629
319	36496
320	38072
321	35555
322	35668
323	37350
324	35142
325	37011
326	34768
327	34887
328	33536
329	31768
330	33885
331	34199
332	32123
333	32304
334	31707
335	30470
336	31566
337	29910
338	29536
339	28776
340	27171
341	27477
342	26708
343	26843
344	26281
345	26192
346	25835
347	25947
348	25227
349	25068
350	24643
351	24978
352	26606
353	23458
354	23282
355	23193
356	23238
357	23925
358	22477
359	22892
360	22945
361	23378
362	23397
363	25910
364	38664
365	20418
366	19527
367	19716
368	18658
369	18936
370	18586
371	18975
372	18501
373	17609
374	17561
375	16275
376	16788
377	17604
378	22662
379	17689
380	15981
381	16127
382	15139
383	14262
384	15050
385	15404
386	14358
387	13080
388	14095
389	13849
390	13478
391	14061
392	13341
393	13811
394	13021
395	12668
396	12755
397	12242
398	12246
399	12282
400	12545
401	11576
402	10830
403	11664
404	11332
405	10527
406	11062
407	10410
408	10453
409	9948
410	10274
411	9660
412	10116
413	9554
414	9495
415	9118
416	8754
417	9152
418	8729
419	9181
420	8544
421	8597
422	7843
423	8064
424	7530
425	7793
426	8135
427	7571
428	7399
429	7479
430	7259
431	6988
432	7079
433	6774
434	6363
435	6441
436	6366
437	6817
438	6308
439	6494
440	6151
441	5348
442	5474
443	5922
444	5844
445	5518
446	5289
447	5673
448	5406
449	4933
450	4855
451	4694
452	4793
453	4813
454	4889
455	4571
456	4343
457	4778
458	3942
459	4411
460	4070
461	4041
462	3712
463	3949
464	4042
465	3800
466	3997
467	3385
468	3842
469	3541
470	3269
471	3740
472	3524
473	3479
474	3219
475	2956
476	3246
477	2790
478	3168
479	3096
480	2809
481	2926
482	2903
483	2654
484	2841
485	2889
486	2597
487	2844
488	2563
489	2571
490	2477
491	2541
492	2274
493	2368
494	2526
495	2142
496	2334
497	2166
498	2249
499	2279
500	2289
501	1932
502	2106
503	2027
504	1796
505	2056
506	1656
507	1935
508	1853
509	1703
510	1460
511	1785
512	1756
513	1614
514	1516
515	1570
516	1486
517	1664
518	1593
519	1464
520	1441
521	1414
522	1460
523	1278
524	1276
525	1242
526	1242
527	1375
528	1191
529	1201
530	1135
531	1112
532	1026
533	1145
534	1129
535	1053
536	1013
537	1082
538	852
539	906
540	1099
541	1108
542	903
543	909
544	867
545	1000
546	915
547	885
548	899
549	1109
550	838
551	876
552	916
553	988
554	858
555	869
556	929
557	929
558	809
559	568
560	673
561	632
562	518
563	493
564	602
565	577
566	643
567	496
568	543
569	533
570	581
571	527
572	456
573	442
574	473
575	427
576	464
577	468
578	488
579	436
580	438
581	422
582	406
583	395
584	441
585	385
586	352
587	379
588	553
589	372
590	369
591	280
592	337
593	395
594	323
595	330
596	276
597	292
598	277
599	309
600	218
601	393
602	255
603	258
604	238
605	223
606	267
607	245
608	214
609	259
610	213
611	188
612	242
613	210
614	231
615	228
616	227
617	213
618	240
619	201
620	186
621	269
622	147
623	178
624	135
625	215
626	143
627	96
628	168
629	225
630	127
631	193
632	175
633	115
634	161
635	188
636	175
637	170
638	133
639	122
640	140
641	172
642	144
643	164
644	79
645	137
646	112
647	98
648	121
649	98
650	80
651	116
652	83
653	110
654	90
655	92
656	77
657	68
658	97
659	96
660	144
661	130
662	116
663	62
664	89
665	109
666	94
667	103
668	50
669	88
670	69
671	76
672	56
673	63
674	53
675	88
676	49
677	75
678	47
679	40
680	55
681	64
682	62
683	65
684	57
685	73
686	58
687	49
688	62
689	35
690	66
691	66
692	64
693	35
694	51
695	50
696	53
697	49
698	24
699	47
700	50
701	67
702	54
703	37
704	30
705	35
706	32
707	52
708	64
709	30
710	32
711	27
712	52
713	30
714	37
715	54
716	36
717	41
718	32
719	25
720	36
721	21
722	20
723	41
724	30
725	23
726	32
727	27
728	19
729	26
730	14
731	23
732	4
733	24
734	20
735	17
736	25
737	4
738	23
739	23
740	18
741	20
742	6
743	22
744	9
745	22
746	23
747	27
748	7
749	35
750	18
751	9
752	25
753	10
754	8
755	25
756	29
757	14
758	12
759	14
760	7
761	7
762	10
763	17
764	15
765	21
766	2
767	22
768	5
769	13
770	1
771	17
772	13
773	22
774	1
775	12
776	4
777	9
778	6
779	3
780	6
781	3
783	4
785	11
786	4
787	4
788	1
789	20
790	15
791	6
792	2
793	5
794	3
795	3
796	3
797	1
798	6
799	11
800	11
801	6
802	10
803	7
804	3
805	8
806	5
807	7
808	3
809	5
810	5
811	7
812	7
813	6
814	4
815	3
816	4
817	10
818	3
819	2
821	7
822	1
823	2
824	3
825	2
826	2
827	3
829	11
830	4
831	2
832	1
833	4
835	4
838	4
840	1
841	9
842	8
843	3
846	6
847	6
851	1
852	9
854	3
856	1
860	5
861	4
862	7
863	4
870	1
871	3
874	2
877	2
878	1
881	3
883	7
885	3
887	1
889	1
890	1
891	2
894	3
895	1
896	4
901	1
903	3
904	1
906	1
907	3
909	2
914	1
917	3
924	5
925	1
936	2
940	1
943	1
944	2
945	1
954	1
956	2
961	1
965	6
966	4
969	11
970	17
972	1
977	11
978	7
979	10
983	1
984	1
991	18
992	1
994	19
1001	17
1002	14
1004	17
1011	15
1012	11
1014	47
1015	22
1020	24
1023	12
1024	16
1026	5
1027	15
1028	14
1030	1
1031	30
1036	25
1039	1
1040	11
1042	24
1043	18
1047	6
1048	32
1052	27
1054	33
1055	39
1056	17
1057	14
1058	17
1059	16
1061	42
1063	27
1064	4
1065	6
1066	23
1067	59
1069	12
1072	13
1073	17
1074	13
1075	16
1076	19
1077	16
1079	21
1080	22
1082	18
1083	11
1084	22
1085	20
1086	7
1087	29
1089	32
1090	7
1091	8
1093	10
1095	24
1096	12
1097	21
1098	16
1101	3
1103	10
1104	25
1105	20
1107	8
1108	12
1109	15
1110	7
1111	16
1112	9
1114	4
1115	19
1116	48
1120	17
1121	9
1122	28
1123	24
1124	9
1125	17
1127	10
1129	14
1131	53
1132	4
1133	15
1134	19
1135	18
1139	20
1142	7
1144	6
1145	9
1147	8
1148	17
1151	5
1152	19
1155	14
1156	1
1158	12
1161	7
1167	10
1172	8
1174	7
1176	7
1179	11
1181	9
1184	27
1186	14
1189	2
1192	9
1194	9
1198	10
1199	5
1200	8
1202	12
1209	8
1210	9
1224	1
1225	7
1227	10
1231	4
1235	4
1236	8
1242	11
1249	13
1253	6
1254	3
1256	5
1258	22
1261	5
1262	3
1274	3
1275	5
1277	6
1278	1
1280	9
1284	3
1289	5
1339	8
1342	1
1346	2
1352	1
1355	2
1363	6
1380	5
1383	11
1395	3
1396	10
1398	5
1421	8
1427	1
1681	1
1789	1
1800	1
1961	1
1978	1
2150	1
2215	1
2221	1
2506	1
2911	1
2962	1
3015	1
3579	1
3746	1
3748	1
3749	1
3836	1
3966	1
4034	1
4170	1
4212	1
4234	1
4282	1
4484	1
4493	1
4590	1
4706	1
4810	1
4825	1
4826	1
5179	1
5232	6
5308	5
5314	7
5325	11
5347	11
5359	4
5364	1
5369	10
5574	1
5625	1
5934	1
5988	1
6044	1
6630	1
6974	1
6992	1
8163	1
8488	1
9049	1
9243	1
10187	1
10442	1
10521	4
10552	1
10659	1
10759	7
10772	9
10794	19
10795	8
10833	9
10841	18
10867	15
10878	1
11178	1
11632	1
11901	1
12116	1
12282	1
12432	1
12694	1
14829	1
16710	1
16763	5
16872	1
17903	1
17976	1
18308	1
18911	1
19674	1
20094	1
20095	1
21686	1
22047	1
22237	1
22427	1
22562	1
22828	1
23711	1
23887	1
23901	1
24306	1
24780	1
25671	1
25723	1
25778	1
25972	1
26183	1
26919	1
26964	3
26972	1
27061	1
27127	1
28467	1
28745	1
29552	1
29826	1
30573	1
30635	1
30650	1
31139	1
31375	1
32731	1
33097	1
34924	1
35848	1
36500	1
39440	1
40016	1
40125	1
40500	1
41308	1
41318	1
41500	1
41585	1
41797	1
43515	1
49934	3
50785	1
50974	1
52174	1
57233	2
57260	1
57322	1
57448	1
57560	1
58592	1
58623	1
58692	3
58707	2
58915	1
59929	1
62729	1
63109	1
64288	1
65785	1
65835	1
66729	1
67516	1
68068	1
68503	1
69140	1
69158	1
69297	1
70323	1
71315	1
72111	1
75348	1
77134	1
78062	1
80861	1
81745	1
82719	1
82940	1
84194	1
84392	1
85690	10
85841	1
86037	1
86546	1
86677	1
86718	1
88555	1
88745	1
89728	1
89776	1
90156	2
93723	1
93819	1
93821	3
96060	1
98511	1
100028	1
101460	1
102218	1
103438	1
104213	1
106397	1
107274	1
108067	1
108790	1
110358	1
112212	2
112455	1
112481	1
112505	1
112513	1
112542	2
112880	1
113127	1
113161	2
113162	7
113163	7
113164	7
113165	9
113166	6
113167	2
113168	5
113169	4
113250	6
113261	6
113353	4
113354	1
113355	3
113356	7
113357	4
113358	5
113359	5
113360	10
113361	4
113473	1
113484	2
113549	3
113620	2
113689	1
113948	1
113980	1
113985	3
113991	1
114017	1
114067	1
114105	1
115605	1
116138	1
116256	1
117623	1
118446	1
119268	1
119812	1
119880	1
120986	1
121470	1
121480	1
121510	1
121901	1
123195	1
123789	1
125538	1
125600	1
125800	1
127289	1
129254	1
130795	1
131804	1
131811	1
131814	1
131996	1
131999	1
132113	1
132122	1
132663	1
132700	1
133114	1
134109	1
134468	1
134586	1
135134	1
137304	1
139317	1
139913	1
140186	1
140820	1
143538	1
145533	1
146150	1
149557	1
152311	1
154819	1
155305	1
156362	1
158863	8
159258	1
160373	1
161479	1
161623	1
163996	1
164738	1
166840	1
167624	1
168279	1
169564	1
170089	1
170406	1
171694	1
173206	1
174984	1
175306	1
175415	1
175812	1
177153	2
177189	1
177218	1
177253	2
177319	1
177342	1
177350	1
177355	1
177475	1
177837	1
177903	2
177915	2
178002	2
178029	1
178031	1
178254	1
179274	1
179786	3
180051	1
180711	1
181537	1
182372	1
182400	1
183790	1
186067	1
186069	4
186074	5
186082	4
186104	3
186177	4
186202	1
186258	2
186361	3
186463	1
186653	2
186904	5
186919	5
186925	1
186927	2
186945	2
187003	4
187051	1
187245	1
188061	1
188085	1
188324	1
189583	1
191631	1
191738	1
192416	1
192494	3
195258	1
195376	1
198885	1
199898	1
199972	1
200379	4
201075	10
201695	1
202572	1
205661	1
207632	1
210518	1
210670	1
211810	1
212712	1
212807	1
216309	1
216817	1
219533	2
219538	3
219607	1
219639	1
220180	1
220214	1
220235	2
220279	1
220315	1
220943	1
221894	1
222864	1
223706	1
223987	2
225147	1
225532	2
225616	1
225617	1
226744	1
226809	3
226880	1
226928	2
227006	1
227345	1
227990	1
230349	1
231116	1
235506	1
237136	1
237991	1
238010	1
238651	1
238813	1
240220	1
242703	1
246041	1
248518	1
250349	1
251083	1
251184	1
252274	1
252949	1
253357	1
254010	1
256004	1
256171	1
260098	1
260906	1
261701	1
261782	1
262316	1
262591	1
263289	1
264584	1
266271	1
266497	1
267018	1
267022	1
267023	1
267211	1
267214	1
267280	1
267503	1
267797	1
270507	1
271265	1
271275	1
273188	1
274113	1
274561	1
274852	1
277605	1
278044	1
278874	1
279700	1
279774	1
280411	1
281423	1
284305	1
286891	1
287000	1
289238	1
292465	1
295166	1
298521	1
298675	1
298707	1
299594	1
299715	1
300705	1
301989	1
303570	1
303797	1
304110	1
305708	1
305899	1
307894	1
308394	1
309151	1
310912	1
312689	1
315542	1
316759	1
317106	1
317290	1
317941	1
318341	1
318851	1
319474	1
319550	1
319591	1
319916	1
320311	1
325536	1
327087	1
327105	1
328683	1
329810	1
336027	1
339584	1
339993	2
340004	1
340069	2
341779	12
346995	1
348428	1
348873	3
350747	1
352275	1
354469	1
357735	1
362244	1
363835	1
364795	1
365409	1
365707	1
366407	1
366531	1
367453	1
368424	1
369632	1
369948	1
370460	1
371093	1
371749	1
372344	1
373491	1
378722	1
379030	1
379693	1
379738	1
381028	1
381348	1
382646	1
383977	1
384068	1
384239	1
385750	1
386321	1
386651	1
387632	1
387857	1
390420	1
391257	1
393222	1
393628	1
395239	1
397228	1
397948	1
398116	1
400109	1
400863	1
402280	1
403588	1
405117	1
406369	1
406511	1
406787	1
407277	1
408117	1
408723	1
409474	1
409631	1
411426	1
412416	1
412883	1
417140	1
418037	1
418715	1
419705	1
419898	1
422436	1
427045	1
427106	1
428498	1
428962	1
432480	1
434511	1
435079	1
435361	1
435982	1
440654	1
440944	3
441096	1
441440	1
442848	1
444424	1
444863	1
444877	1
447204	1
449512	1
449782	1
456274	1
457791	1
458796	4
460879	1
462361	1
462551	1
463281	1
464509	1
465596	1
465807	1
466514	1
466655	1
466794	1
466872	1
467643	1
468944	1
469525	1
470267	1
470526	1
471480	1
471810	1
471997	1
472899	1
473235	1
474190	1
475723	1
475948	1
475987	1
476941	1
477673	1
478798	1
478917	1
480400	1
481073	1
483210	1
484320	1
485313	1
486117	1
486310	14
486449	1
486607	1
486767	1
488186	1
488342	1
489362	1
489706	1
490733	1
492953	2
493662	1
496201	1
496343	1
497776	1
498807	1
502179	1
502656	1
505097	1
505408	1
505486	1
508210	1
510169	1
510269	1
514451	1
514807	1
515238	1
516316	1
516437	1
516497	1
519736	1
520441	2
520475	1
520513	1
520602	1
520779	1
520976	1
521056	1
521377	1
521641	17
521750	1
524278	1
525100	1
525306	1
525573	1
526116	1
528295	1
528764	1
529903	1
530595	1
531269	2
531888	1
532975	1
539066	1
539334	1
539453	1
539616	1
542427	1
543189	1
546781	1
547146	1
548238	1
548676	1
548719	1
548998	1
549094	1
550288	1
550336	1
552275	1
553981	1
554984	1
557112	1
557169	1
558376	1
559759	1
560855	1
563592	1
565259	1
565827	1
565990	1
566574	1
567642	1
568718	1
569219	1
571187	1
574524	1
574968	1
576648	1
576909	1
580248	1
580446	1
580710	1
581186	8
581319	1
581598	1
581927	1
582980	1
583188	1
585381	1
588927	1
591041	1
591142	1
591494	1
592360	1
593712	1
594559	1
595595	2
595881	1
596019	1
596941	1
600500	1
600782	1
601991	1
605143	1
608477	1
609404	1
610013	1
610547	1
611437	1
611438	1
611464	1
612982	1
615165	1
615569	1
616971	1
617084	1
617570	1
617714	1
618293	1
627380	5
628516	1
628740	1
630626	1
631154	1
634444	1
635287	1
635643	1
636171	1
636363	1
637461	1
637983	1
638730	1
639098	1
639248	1
641136	1
642223	1
644520	1
644529	1
644646	1
645414	1
645914	1
646021	1
647106	1
647599	1
649033	1
650426	1
650627	1
650867	1
652041	1
654561	1
655899	1
657319	1
657457	1
658187	1
659016	1
659045	1
659153	1
659364	1
660050	1
660174	1
661187	1
661895	1
664125	1
665185	1
665867	1
667274	1
667341	1
672406	1
672608	1
672843	1
675203	1
675307	1
679399	1
679587	1
679596	1
679939	1
682501	1
685408	1
685461	1
686654	1
686840	1
690627	1
690682	1
690734	1
691103	1
691455	1
691586	1
691658	1
691865	1
692057	1
692251	1
694127	1
694289	1
694445	1
694596	1
694601	1
694725	1
694977	1
695125	1
696081	1
696348	1
696352	1
696372	1
696424	1
696615	1
696630	1
696718	1
697653	1
697791	1
697819	1
697864	1
698025	1
698630	1
698737	1
698738	2
698746	2
698761	1
698782	1
698827	1
698830	2
698838	1
698851	1
698880	2
698908	1
699027	1
699046	1
699432	1
699723	1
699934	1
699966	1
700029	1
700046	1
700048	2
700058	2
700090	1
700098	1
700104	1
700108	2
700208	1
700236	1
700290	2
701492	1
701691	1
701765	1
702060	1
702588	1
702851	1
703482	1
703486	1
703489	1
703565	1
703669	1
703942	1
704063	1
705461	1
706942	1
707000	2
707386	2
707574	1
707620	2
707773	1
707775	2
707827	1
707838	3
707887	1
707976	1
707987	2
708003	1
708077	1
708137	6
708138	1
708371	1
708456	4
710022	1
710858	1
711402	1
711530	1
711973	1
713155	1
713224	1
713383	1
714802	1
715120	1
715262	1
716091	1
716844	1
717876	1
719083	1
719158	1
719936	1
720380	1
720417	1
721190	1
721252	1
721485	1
721757	1
722294	1
722323	1
723005	1
723370	1
723749	1
723982	1
724073	1
726058	1
726817	1
729326	1
729732	1
730025	1
730042	1
731439	1
731858	1
731975	1
732685	1
732798	1
732843	1
733638	1
735361	1
735586	1
735602	1
735776	1
736091	1
737046	1
737103	1
737490	1
738469	1
738640	1
739846	1
740084	1
740233	1
740381	1
740484	1
740640	4
740856	1
741788	1
742063	1
742246	1
743126	1
743253	1
743397	1
744925	1
745781	1
746218	1
747140	1
747152	1
748518	1
749430	1
750306	1
750802	1
751318	1
751762	1
752377	1
752674	1
752962	1
760375	1
760906	1
768021	1
769137	1
772479	1
773356	1
773745	1
776277	1
777006	1
777015	1
777910	1
778009	1
778191	1
778570	1
780828	1
781268	1
781611	7
783115	1
784011	1
786229	1
792172	1
792615	1
796468	1
798829	1
800655	6
801429	1
802829	1
803313	1
803879	1
804129	1
806465	1
808841	1
809746	1
811084	1
812387	1
812657	1
817193	1
817458	1
817555	1
817872	1
818903	1
819302	1
819766	1
820601	1
822458	1
824323	1
825424	1
828439	1
833493	1
834237	1
835517	1
836276	1
837033	1
837828	1
841585	1
841969	1
842588	1
842922	1
843487	1
845346	1
845819	1
846087	1
849180	1
850345	1
850848	1
852575	1
852773	1
852784	1
852873	1
855069	1
855222	1
856240	1
856964	1
858599	1
858838	1
864565	1
865508	1
869368	6
872040	1
872737	1
873821	1
875453	1
876274	1
877216	1
878602	1
878814	1
880825	1
884080	1
885846	1
887710	2
888082	1
889842	1
890616	1
893572	1
893993	1
894441	1
894542	1
894792	1
895994	1
896672	1
899388	1
899691	1
900441	5
900551	2
900694	1
901688	1
901991	1
903221	1
903274	1
903310	1
903318	1
903363	1
904341	1
904611	1
904695	1
906775	1
907261	1
909566	1
911410	1
912261	1
915165	1
915475	1
915973	1
916823	1
917912	1
918822	1
920472	1
920923	2
920925	5
920930	5
920938	1
920960	3
921033	2
921058	2
921114	4
921149	1
921523	1
921760	3
921775	3
921781	3
921783	1
921801	2
921859	4
923353	1
923594	1
923922	1
927181	1
927291	1
927560	1
929797	1
930932	1
930987	1
931506	1
931859	1
935184	1
935528	1
936265	1
936550	1
938468	1
939040	1
939189	1
939863	1
941588	1
942966	1
945567	1
945904	1
946969	1
948679	1
951294	1
954479	1
954632	1
954710	1
955410	1
955946	1
956380	1
956736	1
956927	1
956931	1
956987	1
957471	1
957732	1
961029	1
963332	1
966014	1
968048	1
969349	1
969905	1
970233	1
971929	3
971944	1
972013	2
972065	1
972120	2
972712	1
972833	1
973306	3
973312	2
973314	1
973376	2
973403	1
973675	1
974194	1
976417	1
977819	1
980247	1
980690	1
981467	1
982108	1
983986	1
984438	1
985809	1
986310	1
987920	1
988275	1
989508	1
990105	1
990528	1
991258	1
991581	1
994334	1
996434	1
997371	1
999208	1
1000244	1
1000312	1
1001806	1
1002326	1
1002561	1
1003975	1
1004040	1
1004067	1
1004069	2
1004093	1
1004129	3
1004135	2
1004141	1
1004164	3
1004172	3
1004208	1
1004297	2
1004661	3
1004697	1
1004725	1
1004737	3
1004771	1
1004800	1
1004824	1
1004853	2
1005553	1
1005996	1
1006607	1
1007170	1
1008326	1
1010643	1
1011419	1
1011448	1
1014270	1
1014387	1
1014568	1
1015641	1
1015898	1
1016973	2
1017653	1
1019805	1
1021999	1
1022149	1
1026070	1
1027105	1
1028228	1
1029196	1
1030960	1
1031263	1
1032065	1
1032889	1
1033678	1
1034049	1
1034887	1
1036021	1
1036565	1
1037098	1
1037840	1
1040450	1
1040741	1
1041963	1
1043521	1
1046093	1
1047712	1
1048197	1
1048466	1
1049432	1
1049594	1
1049668	1
1050483	1
1051615	1
1052072	1
1053523	1
1054406	1
1055798	1
1056609	1
1056774	1
1057793	1
1058674	1
1058953	1
1060502	1
1060536	1
1064300	1
1064487	1
1065450	1
1066366	1
1068409	1
1069558	1
1069975	1
1070822	1
1072611	1
1075566	1
1076236	1
1076665	1
1076685	1
1077182	1
1079329	1
1081858	1
1083547	1
1084804	1
1084812	1
1084814	1
1084825	2
1084864	1
1085008	1
1085066	1
1087354	1
1092823	1
1094331	13
1095263	1
1097079	1
1097302	1
1099104	1
1099383	1
1099709	1
1101000	1
1101082	1
1101263	1
1104523	1
1104589	2
1106053	1
1106128	1
1106614	1
1106715	1
1107406	1
1107818	1
1110243	1
1111772	1
1115332	1
1117284	1
1117309	1
1119194	1
1119877	1
1121189	1
1121192	1
1121272	1
1121631	1
1122222	1
1123128	1
1124138	1
1127177	1
1132468	1
1132482	1
1133127	1
1133250	1
1133389	2
1134734	1
1134983	1
1135065	1
1135641	1
1135860	1
1136365	2
1136757	1
1137841	1
1142384	1
1142636	11
1144810	1
1145053	1
1146071	1
1148016	1
1148666	1
1148866	1
1150237	1
1150752	1
1152424	1
1158295	1
1159276	1
1162741	1
1162872	1
1165773	1
1165959	1
1166029	1
1166332	1
1166637	1
1167306	1
1167463	1
1167758	1
1168354	1
1169217	1
1169697	1
1171100	1
1171421	1
1173918	1
1175528	1
1176270	1
1177215	1
1177616	1
1178235	1
1179875	1
1183694	1
1183728	1
1183881	1
1186337	1
1187196	1
1187206	1
1188164	1
1188650	1
1190633	1
1192941	1
1193610	1
1195499	1
1197322	1
1197598	1
1199023	1
1201237	1
1202629	1
1204216	1
1206363	1
1206799	1
1210129	1
1213416	1
1214137	1
1214677	1
1219538	1
1220313	1
1220409	2
1220761	1
1221776	1
1224433	2
1229844	1
1233586	1
1233744	1
1235422	1
1235752	1
1243489	1
1244846	1
1246662	1
1247206	1
1248821	1
1249754	1
1251339	1
1253797	1
1253883	1
1255588	1
1256098	1
1258128	1
1259339	1
1259448	1
1263277	1
1264555	1
1265200	1
1265253	1
1266241	1
1267052	1
1271862	1
1273180	1
1275848	1
1276301	1
1277631	1
1278499	1
1278634	1
1281786	1
1282357	1
1283311	1
1295282	1
1301085	1
1301509	1
1302481	1
1304784	1
1304930	1
1305529	1
1307323	1
1309122	1
1312237	1
1312564	1
1313598	1
1314132	1
1316388	1
1316460	1
1316488	1
1317237	1
1317637	1
1318563	4
1318665	1
1318782	1
1319014	1
1319473	1
1319617	1
1319670	1
1319697	1
1321215	1
1321296	1
1321689	2
1321780	1
1321786	1
1321831	3
1322972	2
1323027	1
1323048	1
1323719	1
1323784	1
1325429	1
1330749	1
1333302	1
1333349	1
1335994	1
1339550	1
1343058	1
1345390	1
1345549	1
1346382	1
1349951	1
1350694	1
1350920	1
1352107	1
1352697	1
1353075	1
1354384	1
1357168	1
1359586	1
1366681	1
1368177	1
1368454	1
1369587	1
1370290	1
1371360	1
1371549	1
1372230	1
1375213	1
1376019	1
1378617	1
1379657	1
1379785	1
1384981	1
1385450	1
1388857	1
1389428	1
1390863	1
1392494	1
1392964	1
1393235	1
1393982	1
1394317	1
1396339	1
1408978	1
1408988	1
1409891	1
1410497	1
1410877	1
1413499	1
1413526	1
1413527	1
1413575	1
1413634	1
1413652	1
1413658	1
1413724	1
1413727	1
1413742	1
1413777	1
1414710	1
1414831	1
1414926	1
1414928	2
1414930	2
1414943	2
1414945	2
1414955	1
1414967	2
1414995	1
1415001	1
1415187	3
1415463	1
1416034	1
1417943	1
1419138	1
1420792	1
1423586	2
1423882	1
1424380	1
1424415	10
1424419	2
1424448	2
1424451	5
1424454	7
1425475	1
1427376	1
1427619	1
1428879	1
1429565	3
1430438	2
1432888	1
1434174	1
1434176	1
1434210	1
1434446	1
1434503	1
1434952	1
1435660	1
1435843	1
1439618	1
1440213	1
1440316	1
1440588	1
1440600	1
1440613	1
1440734	1
1445503	1
1445831	1
1447584	1
1447612	1
1448131	1
1450788	1
1451394	1
1453419	1
1453615	1
1459897	1
1459982	1
1460606	1
1462125	1
1465161	1
1468041	1
1468196	1
1470420	11
1477017	1
1478351	1
1480952	1
1484406	1
1485188	1
1487524	1
1488664	1
1489247	1
1489788	1
1491482	1
1495007	1
1499602	1
1500074	1
1500913	1
1502915	1
1503280	1
1503880	1
1504284	1
1504754	1
1505964	1
1506024	2
1506055	1
1506124	1
1506139	2
1507920	1
1509942	1
1510122	1
1511401	1
1512099	1
1512688	1
1512898	1
1514644	1
1515762	1
1519647	1
1523252	1
1524628	1
1525574	1
1527914	1
1527938	1
1528885	1
1529331	1
1532854	1
1535682	1
1535727	1
1535756	1
1536340	1
1536384	2
1536529	1
1541275	1
1542826	1
1546523	1
1547217	1
1547268	1
1550140	1
1550573	1
1555152	1
1556891	1
1563172	1
1563584	1
1566388	1
1566691	1
1566770	1
1570770	1
1571739	1
1572950	1
1577034	1
1578504	1
1579478	1
1583450	1
1584416	1
1584683	1
1585163	1
1585591	1
1586651	1
1587101	1
1587376	1
1587570	1
1590062	1
1590606	1
1594083	1
1594261	1
1594623	1
1595879	2
1595889	1
1595891	1
1595967	1
1596054	3
1596475	1
1596610	1
1596628	1
1596634	1
1596700	1
1596724	2
1596753	1
1596835	1
1596846	1
1597807	2
1597839	1
1597906	1
1597921	1
1597963	2
1597981	1
1598040	1
1598109	1
1598205	2
1604578	1
1607104	1
1609618	1
1609694	1
1611546	1
1612283	1
1612895	1
1612990	1
1614696	1
1615706	1
1617422	1
1618924	1
1618934	5
1621884	1
1623481	1
1625320	1
1627554	1
1628411	1
1629625	1
1629910	1
1630803	1
1631112	1
1633789	1
1639684	1
1641688	1
1642209	1
1642428	1
1643331	1
1644438	1
1647120	1
1647938	1
1648160	1
1648270	1
1649493	1
1650808	1
1652528	1
1652636	1
1653805	1
1655108	1
1655932	1
1658566	1
1658766	1
1659200	1
1659341	1
1660102	1
1662215	1
1662296	1
1662428	1
1662887	1
1663854	1
1666726	1
1667626	2
1670428	1
1672589	1
1676423	1
1676735	1
1677368	1
1677987	1
1678320	1
1678384	1
1678624	1
1678626	1
1682974	1
1684141	1
1686635	1
1687094	1
1687109	1
1689372	1
1691244	1
1692783	1
1695408	1
1695457	1
1696759	1
1697568	1
1699912	1
1700461	1
1700513	1
1705050	1
1705070	1
1705606	1
1706183	1
1707440	1
1708763	1
1711568	7
1711677	1
1713856	1
1718289	1
1723421	1
1723488	1
1723782	2
1723911	1
1724234	1
1726177	1
1726647	1
1728547	1
1728564	1
1729423	1
1730126	1
1730866	1
1735229	1
1741002	1
1742635	4
1742737	1
1742854	2
1742927	1
1752766	1
1755518	1
1755791	1
1756357	1
1757341	1
1757953	1
1758331	1
1764837	1
1766823	1
1769809	1
1772537	1
1772838	1
1773300	1
1774305	1
1774899	1
1775035	1
1776700	1
1777419	1
1780092	1
1783161	1
1786456	1
1786567	1
1788026	1
1788097	1
1791184	1
1791381	1
1791459	1
1794961	1
1797915	1
1799110	1
1799417	1
1801532	1
1804341	1
1806748	1
1808326	1
1811259	1
1813086	1
1813189	1
1814123	1
1817388	1
1818937	1
1818961	1
1820757	1
1822966	1
1824306	1
1824505	12
1825519	1
1826582	1
1829637	1
1835592	1
1835911	1
1835964	1
1836296	1
1837383	1
1841106	1
1842401	1
1846196	1
1858043	1
1859278	1
1859315	1
1864685	1
1865291	1
1868861	1
1870705	1
1871950	1
1872902	1
1875870	1
1876722	2
1883184	1
1888926	1
1895267	1
1896380	1
1897350	1
1897920	1
1899278	1
1906228	2
1913830	1
1914840	1
1914949	1
1915621	1
1915670	1
1916930	1
1917069	1
1918657	1
1920257	1
1920735	1
1922039	1
1924728	1
1925913	1
1926553	1
1932413	2
1932522	1
1939743	1
1944332	1
1944542	1
1947268	1
1958067	1
1958892	1
1962332	1
1962348	1
1969943	1
1974777	1
1974813	1
1974976	1
1978256	2
1978332	1
1978451	1
1980251	1
1981016	1
1982252	1
1984234	1
1988070	1
1991709	1
1991759	1
1994026	1
1998221	1
2000807	1
2003908	1
2005308	1
2005782	1
2006381	1
2006670	1
2006830	1
2008638	1
2009277	1
2009947	1
2009970	1
2014202	1
2014467	1
2014785	1
2014937	1
2015019	2
2015078	1
2015079	2
2015096	2
2015102	3
2015168	1
2015171	3
2015221	3
2016275	1
2016293	1
2016307	1
2016370	2
2016374	1
2016387	2
2016445	1
2016449	1
2016673	1
2017114	1
2019304	1
2027109	1
2028961	1
2032391	1
2034696	1
2038914	1
2039315	1
2039805	1
2044382	1
2045589	1
2059049	1
2059546	5
2062474	1
2062734	1
2064648	1
2069551	1
2070762	1
2072435	1
2074795	1
2075050	1
2076802	1
2077922	1
2078211	1
2079627	7
2080653	1
2082228	1
2090810	1
2091427	1
2091431	1
2091652	1
2091706	1
2092554	1
2098812	1
2098814	1
2102781	1
2103636	1
2106134	1
2112300	1
2121049	1
2123582	1
2125659	1
2125804	1
2127218	1
2129265	1
2131292	1
2134589	1
2138672	1
2138882	1
2140435	1
2143884	1
2144848	1
2145111	1
2147227	1
2149631	1
2150238	1
2153962	1
2153972	1
2154474	1
2161210	1
2163615	1
2166104	1
2166267	1
2166886	1
2168100	1
2168238	1
2169054	1
2183175	1
2184543	1
2187494	1
2188218	1
2191537	2
2195106	1
2196006	1
2197755	1
2200945	1
2201660	1
2202196	1
2202502	1
2204438	1
2206981	1
2208706	1
2208784	1
2210132	1
2213035	1
2217199	1
2217801	1
2218938	1
2219562	1
2219651	1
2219652	1
2219653	2
2219704	2
2220845	1
2220921	1
2221036	1
2225143	1
2225303	1
2225834	1
2233096	1
2233132	1
2234311	1
2238450	1
2239634	1
2240043	1
2248697	1
2259117	1
2259484	1
2260285	1
2260434	1
2263910	1
2264266	1
2264702	1
2265618	1
2265670	1
2266831	1
2267539	1
2270504	1
2272617	1
2273123	1
2274143	1
2277092	1
2285403	1
2287182	1
2289575	1
2292012	1
2293294	1
2295027	1
2296040	1
2299846	1
2299908	1
2302062	1
2303334	1
2303498	1
2310905	1
2311953	1
2315012	1
2317188	1
2318058	1
2319703	1
2324424	1
2326591	1
2327748	1
2328097	1
2328144	1
2328644	1
2330314	1
2332194	1
2332349	1
2335095	1
2337108	1
2339776	1
2340205	1
2340700	1
2341304	1
2341434	1
2341614	1
2341792	1
2346490	1
2349410	1
2353255	1
2355614	1
2358446	1
2358666	1
2360126	1
2362584	1
2364340	1
2365439	1
2366559	7
2369375	1
2379728	1
2380380	1
2381529	1
2381723	1
2382374	1
2384746	1
2385749	1
2386350	1
2386955	1
2396313	1
2398742	1
2400250	1
2407418	1
2408412	1
2409100	1
2410420	1
2412920	1
2427445	1
2428656	1
2433317	1
2434478	6
2436283	1
2438522	1
2440384	1
2442044	1
2444125	1
2444607	1
2449922	1
2451452	1
2455879	1
2457771	1
2457863	1
2458059	1
2462724	1
2464078	1
2470392	1
2471899	1
2472578	1
2473978	1
2474731	1
2475010	1
2475319	1
2476703	1
2477754	1
2478458	1
2480990	1
2482029	1
2486714	1
2487627	1
2489467	1
2493770	1
2496996	1
2502573	1
2503966	1
2511059	1
2511861	1
2513523	1
2519704	1
2524103	1
2524767	1
2525184	1
2526073	1
2526233	4
2526333	1
2526452	1
2526525	1
2528397	1
2528693	1
2529176	1
2533222	1
2534282	1
2534923	1
2535354	1
2537677	1
2538365	1
2543456	1
2553299	1
2559279	1
2559396	1
2559409	1
2561716	1
2564295	1
2566904	1
2567858	15
2568641	1
2569507	1
2571930	1
2585861	1
2587026	1
2587432	1
2587922	1
2588304	1
2588721	1
2590203	1
2595092	1
2595349	1
2596136	1
2610258	1
2610829	1
2614067	1
2614899	1
2619015	1
2620469	1
2621125	2
2621128	1
2630189	1
2631707	1
2632895	1
2638099	1
2638529	1
2641591	1
2645659	1
2649968	8
2654405	1
2657137	1
2657675	1
2660151	1
2662016	1
2666098	1
2668908	1
2672155	1
2674285	1
2674295	1
2674788	1
2675045	1
2676437	1
2676777	1
2677840	1
2678478	1
2679092	1
2680927	1
2688011	1
2695439	1
2696387	1
2697368	1
2698380	1
2698746	1
2704610	1
2704860	1
2706213	1
2707666	1
2709558	1
2712038	1
2713187	1
2716206	1
2716303	1
2717492	1
2721905	1
2722641	1
2723292	1
2724244	1
2724608	1
2726407	1
2727472	1
2727708	1
2728343	1
2728529	1
2729207	1
2729281	1
2731150	1
2731675	1
2732743	1
2733231	1
2736460	1
2737033	6
2737317	1
2737463	1
2740643	1
2741304	1
2741859	1
2741870	1
2742492	1
2742511	1
2742512	1
2742517	1
2742643	1
2742756	1
2745164	1
2745833	1
2752304	1
2754531	1
2758303	1
2763044	1
2764310	1
2771902	1
2772089	1
2779155	9
2779651	1
2780896	1
2782281	1
2783501	1
2784894	1
2790625	1
2794588	1
2798204	1
2799991	1
2802075	1
2803216	6
2803907	1
2811104	1
2811139	1
2811864	1
2814233	1
2814292	1
2815224	1
2815480	1
2817386	1
2818980	1
2820484	1
2821535	1
2823564	1
2824557	1
2827119	1
2827253	1
2827261	1
2828432	1
2833227	1
2835716	1
2841871	1
2843531	1
2844428	5
2845811	1
2846016	1
2847129	1
2849808	1
2850811	1
2854381	1
2855138	1
2857566	1
2860925	1
2860931	1
2860959	1
2861007	1
2861066	1
2861067	1
2861075	1
2861156	2
2861180	1
2861209	2
2862295	1
2862358	2
2862362	1
2862377	2
2862387	1
2862399	1
2862413	1
2862419	1
2862433	2
2862496	1
2865402	1
2867057	1
2867873	1
2868281	1
2869397	1
2872755	1
2877755	1
2880284	1
2883475	1
2886079	1
2886361	1
2887117	1
2896124	1
2896953	1
2897670	1
2905055	1
2906387	1
2908637	1
2912464	3
2922796	1
2922989	1
2923265	1
2926598	1
2929253	1
2931818	1
2934721	1
2935870	1
2936743	1
2937773	1
2939050	1
2943073	1
2945223	2
2945299	1
2945359	1
2945367	1
2945382	1
2945451	1
2945459	1
2945472	1
2945501	1
2945521	2
2945583	1
2945860	1
2946587	2
2946650	1
2946654	1
2946679	1
2946711	1
2946724	2
2946725	2
2946788	2
2946857	1
2946911	1
2947318	1
2952864	1
2953479	1
2954070	1
2957121	1
2958087	1
2963178	1
2967054	1
2967868	1
2971484	1
2973799	1
2975572	1
2980132	1
2981979	1
2984724	1
2995321	1
2995877	1
3000413	1
3001074	1
3001149	1
3004441	1
3004821	1
3007058	1
3008042	1
3009931	1
3013325	1
3013470	1
3013660	1
3018297	1
3028423	1
3032913	1
3033171	1
3041843	1
3043172	1
3045717	1
3047950	1
3052397	1
3052675	1
3054986	1
3061650	1
3061726	1
3061845	1
3068972	1
3071020	1
3072615	1
3075463	1
3076076	1
3076291	1
3083727	1
3084017	1
3087381	1
3089982	1
3092418	1
3092543	1
3094054	1
3103452	1
3104280	1
3106494	1
3109396	1
3109402	1
3112927	1
3116968	1
3120500	1
3122657	1
3125243	1
3126646	1
3129161	1
3130155	1
3136192	1
3137445	1
3139201	1
3139237	1
3139247	1
3139301	2
3139355	1
3139367	1
3139390	1
3139885	1
3139963	1
3140050	1
3140079	1
3141834	2
3146269	1
3150735	1
3152638	1
3154439	1
3156476	1
3157051	1
3158569	1
3159336	1
3161694	1
3162473	1
3166030	1
3166533	1
3168004	1
3172062	1
3172954	1
3173807	1
3174902	1
3175044	1
3175512	1
3176589	1
3178270	1
3179368	1
3181843	1
3183800	1
3183937	1
3187250	1
3188183	1
3197472	1
3199938	1
3201854	1
3203437	1
3203533	1
3207307	1
3207775	1
3208454	1
3208813	1
3209347	1
3209712	1
3215848	1
3217072	1
3217253	1
3223840	1
3225500	1
3228731	1
3234213	1
3234315	1
3234425	1
3234432	1
3234505	1
3241526	1
3242313	1
3247825	1
3249939	1
3251253	1
3255650	1
3261074	1
3263059	1
3265539	1
3266599	1
3267284	1
3271229	1
3273089	1
3278487	1
3283439	1
3285925	1
3288406	1
3288511	1
3289474	1
3290310	1
3292869	1
3293424	1
3294429	1
3294942	1
3295513	1
3296421	1
3298507	1
3300513	1
3300801	1
3301083	1
3301175	1
3304848	1
3306281	1
3310760	1
3311051	1
3312913	1
3317894	1
3317982	1
3318861	1
3319348	1
3319409	2
3320049	1
3322562	1
3323163	1
3331840	1
3334225	1
3336469	1
3337761	1
3341047	1
3341390	1
3342205	1
3344244	1
3348142	2
3348186	3
3348993	1
3349137	1
3349198	1
3361034	1
3361229	1
3361633	1
3363950	1
3367206	8
3367264	4
3367282	4
3367284	3
3367290	8
3367305	3
3367951	6
3368007	1
3368032	5
3368105	3
3368127	2
3368135	1
3368140	5
3368142	3
3368169	15
3368678	1
3369535	1
3370756	1
3373492	1
3374011	1
3377212	1
3378633	1
3385045	1
3387529	1
3397097	1
3397751	1
3397888	1
3400218	1
3403325	1
3404368	1
3405427	1
3408180	1
3408896	1
3409135	1
3415758	1
3426833	1
3428077	1
3430838	1
3432669	3
3436695	1
3438248	1
3439152	1
3440286	1
3440610	1
3441325	1
3441342	1
3442096	1
3442212	1
3443857	1
3447375	1
3448014	1
3451157	1
3451674	1
3452114	1
3455129	1
3457303	1
3458698	1
3458703	1
3458982	1
3459897	1
3463944	1
3464799	1
3464804	1
3467352	1
3469720	1
3473101	1
3473315	1
3481622	1
3483259	1
3484217	1
3488414	1
3490591	1
3495150	1
3496751	1
3500811	1
3508440	1
3508642	1
3510774	1
3518007	1
3521627	1
3522190	1
3526484	1
3527325	1
3535521	1
3545123	1
3546825	1
3547375	1
3557144	1
3560416	1
3569624	1
3580087	1
3582109	1
3583116	1
3586222	1
3586243	1
3586524	1
3602538	1
3614959	1
3625723	7
3640779	1
3646003	1
3648331	1
3650358	1
3653147	1
3653658	1
3658315	1
3658383	2
3670193	1
3678350	1
3680554	1
3690643	1
3702320	1
3705259	1
3707147	1
3708937	1
3710677	1
3712887	1
3715579	1
3716598	1
3734527	1
3738983	13
3758404	1
3766692	1
3772623	1
3798166	1
3817241	1
3827815	1
3829373	1
3836076	1
3840259	1
3840687	1
3840691	1
3840692	1
3840693	1
3840780	1
3840879	1
3842304	1
3845148	1
3848763	1
3852305	1
3857045	1
3864058	1
3870867	1
3881838	1
3884386	1
3891565	1
3891718	3
3891724	2
3891801	1
3891871	1
3892992	2
3893021	2
3893033	1
3893047	2
3893066	1
3893067	1
3893071	2
3893130	1
3893295	1
3895680	1
3902493	1
3911353	1
3915299	1
3916314	1
3934444	1
3934502	1
3934507	1
3934697	1
3934732	1
3950371	1
3957397	1
3960031	1
3990237	1
3990597	1
3996298	1
4012209	1
4032073	1
4040655	1
4048355	1
4049555	2
4052201	1
4066597	1
4072737	1
4075163	1
4080938	1
4097692	1
4101574	1
4102522	1
4108924	1
4112083	1
4116564	1
4118165	1
4121972	1
4169797	1
4170743	1
4174176	1
4175376	1
4177106	1
4180466	1
4181459	1
4187455	1
4189645	1
4197803	1
4216549	1
4239678	1
4245048	1
4276141	1
4294613	1
4308087	1
4356674	5
4367325	1
4372706	1
4407234	1
4455386	2
4455396	1
4455415	1
4455450	1
4455468	1
4455469	1
4455504	2
4455510	1
4455539	1
4455552	1
4455648	1
4455974	1
4456024	1
4456036	1
4456072	1
4456192	1
4456226	1
4456228	1
4458291	1
4463530	1
4463725	1
4483331	1
4499895	1
4514216	1
4591329	1
4643621	1
4685692	9
4685801	11
