00000000 0
00000001 6
00000010 5
00000011 3
00000100 5
00000101 3
00000110 6
00000111 3
00001000 4
00001001 7
00001010 2
00001011 4
00001100 2
00001101 4
00001110 5
00001111 0
00010000 5
00010001 3
00010010 6
00010011 3
00010100 6
00010101 3
00010110 9
00010111 6
00011000 6
00011001 6
00011010 6
00011011 4
00011100 6
00011101 4
00011110 8
00011111 3
00100000 4
00100001 7
00100010 2
00100011 4
00100100 6
00100101 6
00100110 6
00100111 4
00101000 5
00101001 8
00101010 2
00101011 5
00101100 5
00101101 7
00101110 5
00101111 4
00110000 2
00110001 4
00110010 5
00110011 0
00110100 6
00110101 4
00110110 8
00110111 3
00111000 5
00111001 7
00111010 5
00111011 4
00111100 5
00111101 7
00111110 8
00111111 2
01000000 4
01000001 7
01000010 6
01000011 6
01000100 2
01000101 4
01000110 6
01000111 4
01001000 5
01001001 8
01001010 5
01001011 7
01001100 2
01001101 5
01001110 5
01001111 4
01010000 2
01010001 4
01010010 6
01010011 4
01010100 5
01010101 0
01010110 8
01010111 3
01011000 5
01011001 7
01011010 5
01011011 7
01011100 5
01011101 4
01011110 8
01011111 2
01100000 5
01100001 8
01100010 5
01100011 7
01100100 5
01100101 7
01100110 5
01100111 7
01101000 8
01101001 8
01101010 5
01101011 8
01101100 5
01101101 8
01101110 6
01101111 7
01110000 2
01110001 5
01110010 5
01110011 4
01110100 5
01110101 4
01110110 8
01110111 2
01111000 5
01111001 8
01111010 6
01111011 7
01111100 6
01111101 7
01111110 8
01111111 4
10000000 3
10000001 7
10000010 6
10000011 5
10000100 6
10000101 5
10000110 8
10000111 6
10001000 1
10001001 7
10001010 3
10001011 4
10001100 3
10001101 4
10001110 6
10001111 3
10010000 6
10010001 5
10010010 8
10010011 6
10010100 8
10010101 6
10010110 9
10010111 8
10011000 6
10011001 4
10011010 6
10011011 6
10011100 6
10011101 6
10011110 9
10011111 6
10100000 1
10100001 7
10100010 3
10100011 4
10100100 6
10100101 4
10100110 6
10100111 6
10101000 4
10101001 7
10101010 1
10101011 4
10101100 5
10101101 7
10101110 5
10101111 3
10110000 3
10110001 4
10110010 6
10110011 3
10110100 6
10110101 6
10110110 9
10110111 6
10111000 5
10111001 7
10111010 5
10111011 3
10111100 8
10111101 8
10111110 8
10111111 5
11000000 1
11000001 7
11000010 6
11000011 4
11000100 3
11000101 4
11000110 6
11000111 6
11001000 4
11001001 7
11001010 5
11001011 7
11001100 1
11001101 4
11001110 5
11001111 3
11010000 3
11010001 4
11010010 6
11010011 6
11010100 6
11010101 3
11010110 9
11010111 6
11011000 5
11011001 7
11011010 8
11011011 8
11011100 5
11011101 3
11011110 8
11011111 5
11100000 4
11100001 7
11100010 5
11100011 7
11100100 5
11100101 7
11100110 8
11100111 8
11101000 7
11101001 10
11101010 4
11101011 7
11101100 4
11101101 7
11101110 4
11101111 6
11110000 1
11110001 4
11110010 5
11110011 3
11110100 5
11110101 3
11110110 8
11110111 5
11111000 4
11111001 7
11111010 4
11111011 6
11111100 4
11111101 6
11111110 7
Total time was 4905.98300004 seconds