2	3
6	1
11	1
15	1
27	1
48	1
57	1
69	1
75	1
86	1
87	2
88	1
89	5
90	1
91	10
92	25
93	27
94	34
95	37
96	34
97	24
98	38
99	34
100	63
101	74
102	84
103	81
104	89
105	97
106	114
107	124
108	112
109	122
110	116
111	141
112	145
113	131
114	124
115	150
116	173
117	143
118	172
119	171
120	167
121	167
122	172
123	205
124	201
125	205
126	192
127	205
128	201
129	211
130	253
131	253
132	243
133	266
134	272
135	293
136	332
137	319
138	317
139	343
140	358
141	377
142	372
143	348
144	399
145	409
146	423
147	442
148	374
149	372
150	428
151	483
152	476
153	488
154	498
155	542
156	526
157	523
158	566
159	590
160	548
161	567
162	655
163	613
164	677
165	639
166	664
167	696
168	720
169	744
170	754
171	767
172	781
173	796
174	974
175	963
176	864
177	876
178	946
179	997
180	971
181	1065
182	1060
183	1164
184	1039
185	1159
186	1098
187	1082
188	1217
189	1255
190	1230
191	1284
192	1282
193	1318
194	1413
195	1418
196	1432
197	1425
198	1422
199	1494
200	1611
201	1568
202	1659
203	1598
204	1595
205	1575
206	1716
207	1779
208	1733
209	1803
210	1776
211	1907
212	2062
213	2068
214	2050
215	2054
216	2082
217	2146
218	2011
219	2096
220	2059
221	2190
222	2101
223	2165
224	2085
225	2049
226	2079
227	2082
228	2128
229	2059
230	2227
231	2264
232	2123
233	2208
234	2269
235	2271
236	2360
237	2300
238	2296
239	2219
240	2382
241	2392
242	2326
243	2368
244	2486
245	2373
246	2458
247	2447
248	2470
249	2477
250	2539
251	2427
252	2506
253	2511
254	2499
255	2569
256	2412
257	2480
258	2490
259	2606
260	2689
261	2610
262	2566
263	2726
264	2500
265	2535
266	2894
267	2847
268	2704
269	2581
270	2643
271	2605
272	2569
273	2532
274	2684
275	2596
276	2490
277	2603
278	2529
279	2560
280	2558
281	2699
282	2591
283	2788
284	2948
285	2560
286	2478
287	2409
288	2396
289	2427
290	2309
291	2333
292	2304
293	2240
294	2247
295	2251
296	2335
297	2244
298	2269
299	2213
300	2330
301	2218
302	2235
303	2189
304	2244
305	2131
306	2119
307	2023
308	2114
309	2108
310	2001
311	2073
312	2014
313	1935
314	1940
315	1918
316	1962
317	1952
318	1955
319	1849
320	1830
321	1835
322	1940
323	1811
324	1674
325	1672
326	1788
327	1789
328	1703
329	1633
330	1674
331	1800
332	1635
333	1587
334	1620
335	1520
336	1569
337	1428
338	1486
339	1469
340	1431
341	1460
342	1494
343	1377
344	1311
345	1367
346	1321
347	1335
348	1329
349	1282
350	1228
351	1284
352	1313
353	1234
354	1254
355	1184
356	1163
357	1138
358	1239
359	1213
360	1098
361	1073
362	1175
363	1220
364	1606
365	1057
366	1044
367	1033
368	1028
369	1025
370	1004
371	959
372	944
373	943
374	897
375	912
376	933
377	1178
378	955
379	877
380	805
381	848
382	789
383	806
384	769
385	719
386	746
387	757
388	726
389	703
390	710
391	733
392	673
393	696
394	716
395	669
396	673
397	620
398	647
399	656
400	580
401	579
402	563
403	583
404	557
405	571
406	550
407	562
408	521
409	564
410	515
411	545
412	479
413	493
414	468
415	456
416	461
417	479
418	473
419	418
420	418
421	415
422	433
423	433
424	411
425	396
426	426
427	416
428	379
429	369
430	370
431	368
432	342
433	331
434	352
435	346
436	335
437	275
438	338
439	311
440	288
441	312
442	290
443	293
444	287
445	260
446	245
447	277
448	254
449	274
450	260
451	262
452	270
453	237
454	252
455	236
456	223
457	221
458	231
459	218
460	211
461	213
462	221
463	172
464	210
465	200
466	209
467	195
468	172
469	195
470	147
471	185
472	149
473	160
474	164
475	165
476	139
477	160
478	142
479	158
480	140
481	137
482	133
483	139
484	118
485	153
486	153
487	151
488	136
489	141
490	124
491	142
492	126
493	121
494	100
495	120
496	97
497	105
498	134
499	108
500	114
501	103
502	123
503	111
504	100
505	80
506	112
507	75
508	102
509	91
510	80
511	102
512	79
513	89
514	73
515	86
516	64
517	67
518	91
519	67
520	75
521	70
522	64
523	72
524	76
525	67
526	53
527	63
528	73
529	50
530	60
531	53
532	56
533	60
534	53
535	54
536	38
537	59
538	43
539	55
540	64
541	53
542	46
543	41
544	56
545	44
546	30
547	43
548	42
549	36
550	53
551	35
552	40
553	44
554	37
555	34
556	37
557	29
558	33
559	30
560	45
561	22
562	34
563	19
564	28
565	26
566	27
567	26
568	20
569	30
570	18
571	36
572	22
573	24
574	37
575	19
576	41
577	18
578	28
579	21
580	23
581	21
582	22
583	21
584	20
585	21
586	21
587	18
588	24
589	18
590	16
591	21
592	20
593	14
594	22
595	20
596	20
597	19
598	15
599	16
600	17
601	11
602	20
603	21
604	17
605	13
606	20
607	12
608	7
609	10
610	11
611	11
612	17
613	13
614	17
615	11
616	7
617	8
618	15
619	12
620	9
621	10
622	8
623	16
624	15
625	13
626	9
627	7
628	9
629	7
630	4
631	5
632	6
633	9
634	7
635	8
636	5
637	5
638	11
639	13
640	3
641	8
642	7
643	7
644	8
645	16
646	9
647	3
648	13
649	8
650	7
651	3
652	8
653	7
654	3
655	5
656	5
657	12
658	5
659	7
660	5
661	9
662	4
663	5
664	5
665	3
666	3
667	5
668	2
669	3
670	5
671	3
672	7
673	2
675	5
676	1
677	5
678	2
679	2
680	2
681	4
683	1
684	1
685	1
686	5
687	6
688	1
689	4
690	2
691	5
692	4
693	4
694	4
695	1
696	1
697	5
698	3
699	5
700	5
701	1
702	1
705	2
706	3
707	3
708	1
709	2
710	2
713	5
714	1
715	1
716	2
717	3
718	3
719	1
721	4
722	1
723	1
727	2
729	1
731	1
732	1
736	2
738	1
740	2
741	3
742	3
747	3
748	1
749	1
751	3
752	1
753	1
756	1
759	1
762	1
765	1
768	2
771	2
773	2
781	1
794	1
797	1
804	1
814	1
822	1
823	1
831	2
838	1
847	1
860	1
863	1
873	1
876	1
885	1
930	1
939	1
944	1
946	2
949	1
956	1
961	1
962	1
972	1
978	1
981	1
995	4
1003	1
1004	3
1006	1
1015	1
1028	1
1029	2
1030	1
1036	1
1040	1
1042	1
1046	1
1049	1
1053	1
1054	1
1059	1
1068	3
1069	3
1071	1
1077	2
1080	1
1082	1
1095	1
1102	1
1104	1
1112	2
1113	1
1114	1
1119	1
1124	1
1125	1
1126	2
1132	2
1134	1
1143	1
1149	1
1161	1
1164	1
1173	1
1174	1
1189	1
1217	1
1301	1
2365	1
2480	1
3845	1
9176	1
10684	1
10686	1
10712	1
10724	2
10736	1
10753	1
10761	1
10766	1
10778	1
10799	1
10802	2
10810	1
10823	1
10869	1
10874	1
10884	3
10903	1
10919	1
10926	1
10928	3
10938	1
10953	3
15356	1
16494	1
25660	1
25930	1
27067	1
27088	1
27124	1
28282	1
30934	1
31449	1
39461	1
43051	1
47113	1
47331	1
52323	1
58634	1
69288	1
70972	1
79230	1
86228	1
88182	1
89731	1
92196	1
109563	1
112574	1
112607	1
112610	1
112618	1
112621	1
112623	1
112624	1
113892	1
113905	1
113908	2
114017	1
122594	1
132584	1
158410	1
160833	1
168201	1
173010	1
177233	1
177312	1
177350	1
178145	1
179602	1
186038	1
186805	1
187023	1
187031	1
200464	1
201605	1
210502	1
214991	1
215962	1
220163	1
220216	1
222274	1
229587	1
240281	1
248154	1
277756	1
286661	1
288079	1
304284	1
322146	1
322707	1
328286	1
343797	1
344268	1
348867	1
360988	1
364863	1
365263	1
392431	1
395018	1
398629	1
408354	1
411628	1
416785	1
430875	1
440027	1
449333	1
451934	1
452918	1
462785	1
464830	1
482700	1
493717	1
493894	1
494404	1
509044	1
511159	1
525464	1
540379	1
549082	1
557322	1
562313	1
562343	1
565455	1
566901	1
569354	1
587273	1
592107	1
606309	1
607618	1
612262	1
613924	1
614258	1
645456	1
645516	1
648053	1
650251	1
650363	1
665251	1
684714	1
698766	1
700012	1
700029	1
700148	1
702177	1
704564	1
705615	1
706751	1
706869	1
707381	1
707442	1
710413	1
718382	1
724736	1
726231	1
732768	1
735770	1
773710	1
787458	1
787891	1
789747	1
793130	1
798258	1
819607	1
837025	1
849394	1
851681	1
860494	1
862232	1
865842	1
877591	1
884986	1
910043	1
917797	1
920882	1
920977	1
921734	1
921841	1
933925	1
935317	1
955670	1
964700	1
991985	1
992867	1
998147	1
1004229	1
1006566	1
1017194	1
1050878	1
1078316	1
1084868	1
1084893	1
1084931	1
1110559	1
1128869	1
1164731	1
1181186	1
1181296	1
1185472	1
1210462	1
1219148	1
1219636	1
1220576	1
1225402	1
1240506	1
1254826	1
1272814	1
1293967	1
1309861	1
1321945	1
1355335	1
1358345	1
1362282	1
1362482	1
1368386	1
1378232	1
1395854	1
1404368	1
1413714	1
1414967	1
1415180	1
1418502	1
1419687	1
1420923	1
1424400	2
1424435	1
1431843	1
1433871	1
1435735	1
1456540	1
1461535	1
1469628	1
1475742	1
1505305	1
1505627	1
1549003	1
1594098	1
1595988	1
1596049	1
1596062	1
1596643	1
1596683	1
1596755	1
1597053	1
1612880	1
1617217	1
1618329	1
1624617	1
1643771	1
1667555	1
1692515	1
1692612	1
1722069	1
1728208	1
1731734	1
1735982	1
1773413	1
1794479	1
1818000	1
1838559	1
1840714	1
1842416	1
1861965	1
1895679	1
1905397	1
1933960	1
1934542	1
1946450	1
1951819	1
1952601	1
1965639	1
2007867	1
2015253	1
2016388	1
2021453	1
2021508	1
2026035	1
2050265	1
2098241	1
2100919	1
2189034	1
2201782	1
2219561	1
2219570	1
2219907	1
2226509	1
2238425	1
2290267	1
2292134	1
2293468	1
2315321	1
2321437	1
2333039	1
2342854	1
2345843	1
2352967	1
2361825	1
2386327	1
2389622	1
2439027	1
2449578	1
2450625	1
2466976	1
2514414	1
2524192	1
2526697	1
2542607	2
2551380	1
2556194	1
2556492	1
2562806	1
2587297	1
2607891	1
2619872	1
2626127	1
2627952	1
2667482	1
2673655	1
2689724	1
2703013	1
2711140	1
2725798	1
2728091	1
2732813	1
2742578	1
2749923	1
2759496	1
2791051	1
2805908	1
2826545	1
2836718	1
2848861	1
2854270	1
2862302	1
2867908	1
2878994	1
2928801	1
2946660	1
2946753	1
2970751	1
2973702	1
2988076	1
2998657	1
3001749	1
3003985	1
3013607	1
3040332	1
3040528	1
3053292	1
3055479	1
3055659	1
3073580	1
3107013	1
3139225	1
3151476	1
3151930	1
3154903	1
3201551	1
3205080	1
3206169	1
3208405	1
3223699	1
3240514	1
3268811	1
3310120	1
3331150	1
3336414	1
3371197	1
3374183	1
3376400	1
3402314	1
3428225	1
3449955	1
3483480	1
3499938	1
3524046	1
3554942	1
3559258	1
3570248	1
3696266	1
3728313	1
3804772	1
3851201	1
3893018	1
3893136	1
3893206	1
3937986	1
3945188	1
3960094	1
4198356	1
4228470	1
4241886	1
4288330	1
4288849	1
4455304	1
4455383	1
4455388	1
4455441	1
4455445	1
4455453	1
4455488	1
4455501	1
4455514	1
4455564	1
4455570	1
4456133	1
4456207	1
4685761	1
4685817	1
